#9-7,108,0.0_9-5, 59
10
c
c
n
c
c
c
c
c
o
o
9
0 2 0
0 3 0
0 5 0
1 3 0
1 4 0
1 6 0
2 8 0
2 9 0
4 7 0

#9-7,108,0.0_9-20, 59
10
c
n
c
c
c
c
c
c
o
o
9
0 1 0
0 2 0
0 3 0
1 8 0
1 9 0
2 4 0
3 5 0
4 6 0
5 7 0

#9-7,108,0.0_9-25, 59
10
c
n
c
c
c
c
c
c
o
o
9
0 2 0
0 3 0
0 6 0
1 4 0
1 8 0
1 9 0
2 4 0
3 5 0
5 7 0

#9-7,108,0.0_9-29, 59
10
c
c
n
c
c
c
c
c
o
o
9
0 2 0
0 3 0
0 4 0
1 3 0
1 5 0
1 6 0
2 8 0
2 9 0
4 7 0

#9-7,108,0.0_9-39, 59
10
c
c
n
c
c
c
c
c
o
o
9
0 2 0
0 3 0
0 5 0
1 4 0
1 6 0
1 7 0
2 8 0
2 9 0
3 4 0

#9-7,108,0.0_9-42, 59
10
c
n
c
c
c
c
c
c
o
o
9
0 2 0
0 3 0
0 6 0
1 4 0
1 8 0
1 9 0
2 5 0
3 7 0
4 5 0

#8-4,184,0.0_9-0, 83
9
c
n
c
c
c
c
c
o
o
9
0 1 0
0 2 0
0 3 0
1 7 0
1 8 0
2 4 0
3 5 0
4 6 0
5 6 0

#8-4,184,0.0_11-3, 74
12
c
n
c
c
c
c
c
c
c
c
o
o
11
0 1 0
0 2 0
0 3 0
1 10 0
1 11 0
2 4 0
3 8 0
4 5 0
5 6 0
6 7 0
7 9 0

#8-4,184,0.0_11-5, 75
12
n
c
c
c
c
c
c
c
c
c
o
o
11
0 1 0
0 10 0
0 11 0
1 2 0
2 3 0
3 4 0
4 5 0
5 6 0
6 7 0
7 8 0
8 9 0

#8-4,184,0.0_11-7, 75
12
c
n
c
c
c
c
c
c
c
c
o
o
11
0 1 0
0 2 0
0 8 0
1 10 0
1 11 0
2 3 0
3 4 0
4 5 0
5 6 0
6 7 0
7 9 0

#8-4,184,0.0_11-9, 74
12
c
n
c
c
c
c
c
c
c
c
o
o
11
0 2 0
0 3 0
0 8 0
1 4 0
1 10 0
1 11 0
2 5 0
3 7 0
4 6 0
5 6 0
7 9 0

#9-37,14,1.5335075825169878E-4_7-0, 10
7
c
c
c
c
c
c
n
7
0 1 0
0 2 0
0 6 0
1 3 0
2 4 0
3 5 0
4 5 0

#7-4,112,0.0_13-1, 70
13
c
n
c
c
c
c
c
c
c
c
c
o
o
13
0 2 0
0 3 0
0 4 0
1 5 0
1 11 0
1 12 0
2 6 0
3 7 0
4 8 0
5 9 0
6 9 0
7 10 0
8 10 0

#7-4,112,0.0_13-3, 69
13
c
c
n
c
c
c
c
c
c
c
c
o
o
13
0 2 0
0 3 0
0 4 0
1 5 0
1 6 0
1 7 0
2 11 0
2 12 0
3 5 0
4 6 0
7 8 0
8 9 0
9 10 0

#7-4,112,0.0_13-29, 67
14
c
c
c
n
c
c
c
c
c
c
c
c
o
o
13
0 1 0
0 4 0
0 6 0
1 5 0
1 8 0
2 3 0
2 4 0
2 9 0
3 12 0
3 13 0
5 7 0
6 10 0
7 11 0

#7-4,112,0.0_14-2, 71
15
c
n
c
c
c
c
c
c
c
c
c
c
c
o
o
14
0 1 0
0 2 0
0 3 0
1 13 0
1 14 0
2 4 0
3 11 0
4 5 0
5 6 0
6 7 0
7 8 0
8 9 0
9 10 0
10 12 0

#7-4,112,0.0_14-3, 71
15
c
n
c
c
c
c
c
c
c
c
c
c
c
o
o
14
0 2 0
0 3 0
0 4 0
1 5 0
1 13 0
1 14 0
2 6 0
3 7 0
4 11 0
5 6 0
7 8 0
8 9 0
9 10 0
10 12 0

#7-4,112,0.0_14-4, 70
15
c
c
n
c
c
c
c
c
c
c
c
c
c
o
o
14
0 2 0
0 3 0
0 10 0
1 4 0
1 5 0
1 11 0
2 13 0
2 14 0
3 4 0
5 6 0
6 7 0
7 8 0
8 9 0
9 12 0

#7-4,112,0.0_14-6, 67
15
c
c
n
c
c
c
c
c
c
c
c
c
c
o
o
14
0 1 0
0 3 0
0 4 0
1 5 0
1 6 0
2 7 0
2 13 0
2 14 0
3 7 0
4 8 0
5 9 0
6 10 0
8 11 0
9 12 0

#9-28,11,9.267015411318131E-12_12-214, 9
13
c
c
c
c
c
c
c
c
c
c
c
c
o
12
0 1 0
0 2 0
0 3 0
1 4 0
1 9 0
2 6 0
3 8 0
4 5 0
5 7 0
6 10 0
7 11 0
8 12 0

#9-28,11,9.267015411318131E-12_12-215, 9
13
c
c
c
c
c
c
c
c
c
c
c
c
o
12
0 2 0
0 3 0
0 4 0
1 2 0
1 9 0
1 12 0
3 5 0
4 7 0
5 6 0
6 8 0
7 10 0
8 11 0

#9-28,11,9.267015411318131E-12_12-247, 9
13
c
c
c
c
c
c
c
c
c
c
c
c
o
12
0 1 0
0 2 0
0 3 0
1 4 0
2 7 0
3 9 0
4 5 0
5 6 0
6 8 0
7 10 0
8 11 0
9 12 0

#9-28,11,9.267015411318131E-12_13-47, 9
14
c
c
c
c
c
c
c
c
c
c
c
c
c
o
13
0 1 0
0 2 0
0 13 0
1 3 0
2 4 0
3 5 0
4 6 0
5 7 0
6 8 0
7 9 0
8 10 0
9 11 0
10 12 0

#9-28,11,9.267015411318131E-12_13-98, 9
14
c
c
c
c
c
c
c
c
c
c
c
c
c
o
13
0 2 0
0 3 0
0 4 0
1 2 0
1 5 0
1 13 0
3 6 0
4 7 0
5 10 0
6 8 0
7 9 0
8 11 0
9 12 0

#9-28,11,9.267015411318131E-12_13-118, 9
14
c
c
c
c
c
c
c
c
c
c
c
c
c
o
13
0 1 0
0 11 0
0 13 0
1 2 0
2 3 0
3 4 0
4 5 0
5 6 0
6 7 0
7 8 0
8 9 0
9 10 0
10 12 0

#9-28,11,9.267015411318131E-12_13-126, 9
14
c
c
c
c
c
c
c
c
c
c
c
c
c
o
13
0 1 0
0 2 0
0 4 0
1 3 0
1 5 0
2 6 0
3 7 0
4 9 0
5 10 0
6 8 0
7 11 0
8 12 0
9 13 0

#9-28,11,9.267015411318131E-12_13-144, 9
14
c
c
c
c
c
c
c
c
c
c
c
c
c
o
13
0 1 0
0 2 0
0 13 0
1 3 0
2 9 0
3 4 0
4 5 0
5 6 0
6 7 0
7 8 0
8 10 0
9 11 0
10 12 0

#9-28,11,9.267015411318131E-12_13-209, 9
14
c
c
c
c
c
c
c
c
c
c
c
c
c
o
13
0 1 0
0 2 0
1 3 0
2 4 0
3 5 0
4 6 0
5 7 0
6 8 0
7 9 0
8 10 0
9 11 0
10 12 0
11 13 0

#9-28,11,9.267015411318131E-12_13-243, 9
14
c
c
c
c
c
c
c
c
c
c
c
c
c
o
13
0 1 0
0 2 0
0 13 0
1 3 0
2 11 0
3 4 0
4 5 0
5 6 0
6 7 0
7 8 0
8 9 0
9 10 0
10 12 0

#9-28,11,9.267015411318131E-12_13-254, 9
14
c
c
c
c
c
c
c
c
c
c
c
c
c
o
13
0 1 0
0 2 0
0 13 0
1 3 0
2 4 0
3 5 0
4 9 0
5 6 0
6 7 0
7 8 0
8 10 0
9 11 0
10 12 0

#9-28,11,9.267015411318131E-12_13-261, 9
14
c
c
c
c
c
c
c
c
c
c
c
c
c
o
13
0 1 0
0 2 0
0 13 0
1 3 0
2 4 0
3 5 0
4 7 0
5 6 0
6 8 0
7 9 0
8 10 0
9 11 0
10 12 0

#9-19,112,0.0_12-10, 68
13
c
c
n
c
c
c
c
c
c
c
c
o
o
12
0 1 0
0 3 0
0 5 0
1 4 0
1 8 0
2 6 0
2 11 0
2 12 0
3 7 0
4 6 0
5 9 0
7 10 0

#9-19,112,0.0_12-15, 68
13
c
c
c
n
c
c
c
c
c
c
c
o
o
12
0 1 0
0 4 0
0 7 0
1 5 0
1 8 0
2 3 0
2 4 0
2 9 0
3 11 0
3 12 0
5 6 0
6 10 0

#9-19,112,0.0_12-19, 67
13
c
n
c
c
c
c
c
c
c
c
c
o
o
12
0 1 0
0 2 0
0 3 0
1 11 0
1 12 0
2 4 0
3 5 0
4 6 0
5 7 0
6 8 0
7 9 0
8 10 0

#9-19,112,0.0_12-20, 68
13
c
c
n
c
c
c
c
c
c
c
c
o
o
12
0 1 0
0 3 0
0 4 0
1 5 0
1 8 0
2 6 0
2 11 0
2 12 0
3 6 0
4 7 0
5 9 0
7 10 0

#9-19,112,0.0_12-27, 68
13
c
c
c
n
c
c
c
c
c
c
c
o
o
12
0 1 0
0 4 0
0 5 0
1 6 0
1 7 0
2 3 0
2 4 0
2 8 0
3 11 0
3 12 0
5 9 0
6 10 0

#9-19,112,0.0_12-33, 68
13
c
c
n
c
c
c
c
c
c
c
c
o
o
12
0 2 0
0 3 0
0 8 0
1 4 0
1 5 0
1 6 0
2 11 0
2 12 0
3 4 0
5 7 0
6 9 0
7 10 0

#9-19,112,0.0_12-46, 68
13
c
c
n
c
c
c
c
c
c
c
c
o
o
12
0 1 0
0 3 0
0 4 0
1 5 0
1 6 0
2 7 0
2 11 0
2 12 0
3 7 0
4 8 0
5 9 0
6 10 0

#9-19,112,0.0_13-1, 68
13
c
c
n
c
c
c
c
c
c
c
c
o
o
13
0 2 0
0 3 0
0 4 0
1 3 0
1 5 0
1 6 0
2 11 0
2 12 0
4 7 0
5 7 0
6 8 0
8 9 0
9 10 0

#9-19,112,0.0_13-5, 67
14
n
c
c
c
c
c
c
c
c
c
c
c
o
o
13
0 1 0
0 12 0
0 13 0
1 2 0
2 3 0
3 4 0
4 5 0
5 6 0
6 7 0
7 8 0
8 9 0
9 10 0
10 11 0

#9-19,112,0.0_13-9, 67
14
c
c
c
n
c
c
c
c
c
c
c
c
o
o
13
0 1 0
0 6 0
0 7 0
1 4 0
1 8 0
2 3 0
2 5 0
2 9 0
3 12 0
3 13 0
4 5 0
6 10 0
7 11 0

#9-19,112,0.0_13-17, 67
14
c
n
c
c
c
c
c
c
c
c
c
c
o
o
13
0 1 0
0 2 0
0 3 0
1 12 0
1 13 0
2 4 0
3 8 0
4 5 0
5 6 0
6 7 0
7 9 0
8 10 0
9 11 0

#9-19,112,0.0_14-2, 69
15
c
c
n
c
c
c
c
c
c
c
c
c
c
o
o
14
0 1 0
0 3 0
0 5 0
1 4 0
1 6 0
2 7 0
2 13 0
2 14 0
3 8 0
4 9 0
5 10 0
6 11 0
7 8 0
9 12 0

#9-19,112,0.0_14-3, 71
15
c
c
n
c
c
c
c
c
c
c
c
c
c
o
o
14
0 2 0
0 3 0
0 6 0
1 4 0
1 5 0
1 7 0
2 13 0
2 14 0
3 8 0
4 8 0
5 9 0
6 10 0
7 11 0
9 12 0

#9-19,112,0.0_14-7, 71
15
c
c
n
c
c
c
c
c
c
c
c
c
c
o
o
14
0 2 0
0 3 0
0 6 0
1 4 0
1 5 0
1 10 0
2 13 0
2 14 0
3 7 0
4 7 0
5 8 0
6 11 0
8 9 0
9 12 0

#9-19,112,0.0_14-8, 69
15
c
c
n
c
c
c
c
c
c
c
c
c
c
o
o
14
0 1 0
0 3 0
0 5 0
1 4 0
1 10 0
2 6 0
2 13 0
2 14 0
3 7 0
4 8 0
5 11 0
6 7 0
8 9 0
9 12 0

#9-19,112,0.0_15-0, 67
15
c
c
n
c
c
c
c
c
c
c
c
c
c
o
o
15
0 2 0
0 3 0
0 4 0
1 5 0
1 6 0
1 7 0
2 13 0
2 14 0
3 5 0
4 6 0
7 8 0
8 9 0
9 10 0
10 11 0
11 12 0

