#7-384,116,0.0_4-0, 76
5
0
0
13
1
1
4
0 2 0
0 3 0
1 2 0
1 4 0

#10-379,123,0.0_9-0, 67
10
1
1
1
1
1
1
1
3
3
3
9
0 1 0
0 7 0
0 8 0
0 9 0
1 2 0
2 3 0
3 4 0
4 5 0
5 6 0

#9-377,123,0.0_4-0, 48
5
1
1
1
0
6
4
0 1 0
0 2 0
0 4 0
1 3 0

#9-368,136,0.0_5-1, 95
6
1
1
1
2
1
0
5
0 1 0
0 2 0
1 3 0
2 4 0
3 5 0

#8-366,139,0.0_4-1, 102
5
1
1
2
1
2
4
0 1 0
0 2 0
1 3 0
2 4 0

#10-348,161,0.0_7-2, 109
8
1
2
1
1
1
1
0
0
7
0 1 0
0 2 0
0 3 0
1 6 0
1 7 0
2 4 0
3 5 0

#10-348,161,0.0_7-4, 109
8
2
1
1
1
1
1
0
0
7
0 1 0
0 6 0
0 7 0
1 2 0
2 3 0
3 4 0
4 5 0

#10-348,161,0.0_8-0, 116
8
1
1
1
1
1
1
2
0
8
0 1 0
0 2 0
0 6 0
1 3 0
2 4 0
3 5 0
4 5 0
6 7 0

#9-344,164,0.0_5-1, 124
6
1
1
1
2
1
2
5
0 1 0
0 2 0
1 3 0
2 4 0
3 5 0

#9-319,193,0.0_7-0, 119
8
1
1
1
1
1
2
1
2
7
0 1 0
0 2 0
1 3 0
2 4 0
3 5 0
4 6 0
5 7 0

#7-165,690,0.0_6-2, 320
7
1
1
1
1
1
1
3
6
0 1 0
0 2 0
1 3 0
2 4 0
3 5 0
4 6 0

#6-640,13,0.07160400435524386_4-2, 7
5
13
2
1
2
2
4
0 1 0
0 3 0
0 4 0
1 2 0

#6-640,13,0.07160400435524386_4-3, 6
5
1
2
13
1
2
4
0 1 0
0 3 0
1 2 0
2 4 0

#6-640,13,0.07160400435524386_5-0, 6
6
2
2
13
1
1
1
5
0 2 0
0 3 0
0 4 0
1 2 0
1 5 0

#8-447,21,2.0601979626076227E-5_4-0, 13
5
1
2
2
2
5
4
0 1 0
0 2 0
0 4 0
1 3 0

#9-60,988,0.0_6-1, 699
7
1
1
1
1
1
1
2
6
0 1 0
0 4 0
0 6 0
1 2 0
2 3 0
3 5 0

#9-60,988,0.0_6-2, 783
7
1
1
1
1
1
1
2
6
0 1 0
0 2 0
1 3 0
2 4 0
3 5 0
4 6 0

#7-26,2687,0.0_4-0, 1495
5
1
1
2
1
1
4
0 1 0
0 2 0
1 3 0
2 4 0

#8-369,31,1.3707844806917141E-37_5-0, 25
6
13
0
0
1
1
5
5
0 1 0
0 2 0
0 5 0
1 3 0
2 4 0

#8-255,65,0.0_8-0, 29
9
7
1
0
0
0
1
1
1
1
8
0 1 0
0 2 0
0 3 0
0 4 0
1 5 0
2 6 0
3 7 0
4 8 0

#10-247,123,0.0_10-0, 89
10
5
1
1
1
1
1
1
0
0
0
10
0 1 0
0 7 0
0 8 0
0 9 0
1 2 0
1 3 0
2 4 0
3 5 0
4 6 0
5 6 0

#9-246,124,0.0_5-2, 92
6
1
1
2
1
1
0
5
0 1 0
0 2 0
0 3 0
1 4 0
2 5 0

#9-242,140,0.0_9-0, 95
9
1
2
1
1
1
1
1
0
0
9
0 1 0
0 2 0
0 3 0
1 7 0
1 8 0
2 4 0
3 5 0
4 6 0
5 6 0

#10-239,155,0.0_4-0, 122
5
5
1
0
0
0
4
0 1 0
0 2 0
0 3 0
0 4 0

#9-231,167,0.0_3-0, 71
4
13
0
0
0
3
0 1 0
0 2 0
0 3 0

#9-228,168,0.0_6-0, 93
7
13
1
0
0
1
1
0
6
0 2 0
0 3 0
0 6 0
1 2 0
1 4 0
3 5 0

#8-225,176,0.0_4-0, 106
5
13
0
1
0
0
4
0 1 0
0 3 0
0 4 0
1 2 0

#7-201,232,0.0_4-1, 158
5
5
1
2
0
0
4
0 1 0
0 2 0
0 3 0
0 4 0

#8-150,418,0.0_4-0, 254
5
2
1
1
0
0
4
0 1 0
0 3 0
0 4 0
1 2 0

#8-150,418,0.0_4-3, 242
5
1
2
1
1
0
4
0 1 0
0 2 0
0 3 0
1 4 0

#8-150,418,0.0_6-0, 241
7
1
1
1
1
2
1
0
6
0 1 0
0 2 0
1 3 0
2 4 0
3 5 0
4 6 0

#9-133,565,0.0_7-2, 421
8
1
1
1
1
1
1
1
0
7
0 1 0
0 2 0
1 3 0
2 4 0
3 5 0
4 6 0
5 7 0

#9-133,565,0.0_7-3, 403
8
1
1
1
1
1
1
1
0
7
0 1 0
0 2 0
0 7 0
1 3 0
2 5 0
3 4 0
4 6 0

#8-131,580,0.0_4-0, 366
5
1
1
2
1
0
4
0 2 0
0 3 0
1 2 0
1 4 0

#9-64,2209,0.0_3-0, 1246
4
1
1
0
0
3
0 1 0
0 2 0
0 3 0

#9-64,2209,0.0_4-0, 1272
5
1
1
1
1
0
4
0 1 0
0 2 0
1 3 0
2 4 0

#9-35,4795,0.0_6-0, 2353
7
1
1
1
1
1
1
0
6
0 1 0
0 2 0
1 3 0
2 4 0
3 5 0
4 6 0

#10-16,69,0.0_4-0, 22
5
11
3
3
3
3
4
0 1 0
0 2 0
0 3 0
0 4 0

#10-14,256,0.0_7-0, 105
8
1
1
1
1
1
3
3
3
7
0 1 0
0 5 0
0 6 0
0 7 0
1 2 0
2 3 0
3 4 0

#7-296,5,2.2941063462396183E-7_4-0, 4
5
1
2
13
1
5
4
0 1 0
0 3 0
1 2 0
2 4 0

#7-283,228,6.561766491275378E-8_9-0, 163
9
1
5
1
1
1
1
1
0
0
9
0 1 0
0 2 0
0 3 0
1 7 0
1 8 0
2 4 0
3 5 0
4 6 0
5 6 0

#9-153,10,1.6946510531525557E-18_6-0, 8
7
1
5
0
0
3
3
3
6
0 1 0
0 4 0
0 5 0
0 6 0
1 2 0
1 3 0

#8-78,56,6.544921243374288E-108_6-0, 46
7
13
1
0
0
1
1
5
6
0 2 0
0 3 0
0 6 0
1 2 0
1 4 0
3 5 0

#9-68,76,0.0_10-0, 67
10
5
1
1
1
1
1
1
2
0
0
10
0 1 0
0 7 0
0 8 0
0 9 0
1 2 0
1 3 0
2 4 0
3 5 0
4 6 0
5 6 0

#9-64,90,0.0_4-1, 77
5
1
1
5
1
2
4
0 1 0
0 2 0
1 4 0
2 3 0

#9-64,90,0.0_4-9, 76
5
1
1
2
1
5
4
0 1 0
0 2 0
1 4 0
2 3 0

#9-63,93,0.0_5-2, 73
6
1
1
1
5
1
1
5
0 1 0
0 3 0
1 4 0
2 3 0
2 5 0

#9-63,93,0.0_5-3, 75
6
1
1
5
1
1
1
5
0 1 0
0 2 0
0 3 0
1 4 0
2 5 0

#9-63,93,0.0_6-1, 74
7
1
1
1
1
1
1
5
6
0 1 0
0 2 0
0 6 0
1 3 0
2 4 0
3 5 0

#9-63,93,0.0_6-2, 77
7
1
1
1
1
1
1
5
6
0 1 0
0 4 0
0 6 0
1 2 0
2 3 0
3 5 0

#9-63,93,0.0_6-3, 81
7
1
1
1
1
1
1
5
6
0 1 0
0 2 0
1 3 0
2 4 0
3 5 0
4 6 0

#8-61,98,0.0_3-0, 79
4
1
2
1
5
3
0 1 0
0 3 0
1 2 0

#7-31,252,0.0_3-0, 193
4
1
5
1
1
3
0 1 0
0 2 0
1 3 0

#7-31,252,0.0_3-2, 200
4
1
1
1
5
3
0 1 0
0 2 0
1 3 0

#9-87,5,3.2572065523065095E-10_17-0, 3
16
1
1
1
1
1
2
1
1
1
1
5
0
0
4
4
4
17
0 10 0
0 13 0
0 14 0
0 15 0
1 2 0
1 3 0
1 6 0
2 4 0
2 7 0
3 5 0
3 11 0
4 5 0
4 12 0
5 10 0
6 8 0
7 9 0
8 9 0

#8-85,5,3.155090267618228E-10_8-0, 4
8
1
1
1
1
1
1
10
4
8
0 1 0
0 2 0
0 6 0
1 3 0
2 4 0
3 5 0
4 5 0
6 7 0

#8-64,9,4.6294398256972324E-14_3-0, 4
4
1
1
3
4
3
0 1 0
0 2 0
1 3 0

#7-54,6,6.461357665182999E-15_4-0, 4
5
27
2
2
4
4
4
0 1 0
0 2 0
0 3 0
0 4 0

#9-37,9,2.851264915989262E-20_11-0, 6
11
1
1
1
2
2
2
0
0
0
4
4
11
0 3 0
0 4 0
0 6 0
1 3 0
1 5 0
1 7 0
2 4 0
2 5 0
2 8 0
3 9 0
4 10 0

#7-24,694,0.0_7-0, 546
7
1
1
1
1
1
1
4
7
0 1 0
0 2 0
0 6 0
1 3 0
2 4 0
3 5 0
4 5 0

#8-21,1004,0.0_4-0, 510
5
1
1
1
1
4
4
0 1 0
0 2 0
1 3 0
2 4 0

#9-142,24,0.010241693234014172_4-0, 18
5
13
1
0
0
0
4
0 1 0
0 2 0
0 3 0
0 4 0

#10-93,14,6.241598762373277E-4_6-0, 14
7
13
3
3
3
3
3
3
6
0 1 0
0 2 0
0 3 0
0 4 0
0 5 0
0 6 0

#6-13,15,5.3821291909927525E-11_3-0, 10
4
2
13
1
0
3
0 1 0
0 2 0
1 3 0

#6-13,15,5.3821291909927525E-11_3-1, 11
4
2
13
1
2
3
0 1 0
0 2 0
1 3 0

#6-13,15,5.3821291909927525E-11_3-2, 10
4
1
2
1
13
3
0 1 0
0 2 0
1 3 0

#8-11,14,4.2847335532328405E-11_12-0, 13
13
13
1
1
1
1
1
1
1
1
1
1
1
1
12
0 1 0
0 2 0
0 3 0
1 4 0
2 5 0
3 6 0
4 7 0
5 8 0
6 9 0
7 10 0
8 11 0
9 12 0

#7-3,20,5.210603273386612E-13_4-3, 16
5
13
5
1
0
5
4
0 1 0
0 3 0
0 4 0
1 2 0

#7-3,20,5.210603273386612E-13_5-0, 18
6
13
0
5
1
1
0
5
0 1 0
0 2 0
0 5 0
1 3 0
2 4 0

#7-2,83,9.381384558082573E-15_5-0, 67
6
1
0
0
13
1
1
5
0 1 0
0 4 0
1 3 0
2 3 0
2 5 0

#7-47,23,0.06250750497559501_7-0, 19
7
1
1
1
1
1
1
6
7
0 1 0
0 2 0
0 6 0
1 3 0
2 4 0
3 5 0
4 5 0

#8-12,161,5.651271894890897E-9_3-0, 86
4
1
1
1
6
3
0 1 0
0 2 0
1 3 0

#8-10,234,2.183453196025198E-9_6-0, 116
7
1
1
1
1
1
1
6
6
0 1 0
0 2 0
1 3 0
2 4 0
3 5 0
4 6 0

#9-2,22,8.521500221921395E-12_9-0, 16
10
7
1
1
0
0
0
1
1
1
1
9
0 1 0
0 3 0
0 4 0
0 5 0
1 2 0
2 6 0
3 7 0
4 8 0
5 9 0

#8-5,126,9.543815143231438E-6_7-0, 62
7
1
1
1
1
1
1
9
7
0 1 0
0 2 0
0 6 0
1 3 0
2 4 0
3 5 0
4 5 0

#9-14,4,0.09646637405246321_3-0, 4
4
16
1
4
4
3
0 1 0
0 2 0
0 3 0

#9-0,5,0.003297586207005615_10-0, 5
10
21
1
1
1
1
1
1
0
0
0
10
0 1 0
0 7 0
0 8 0
0 9 0
1 2 0
1 3 0
2 4 0
3 5 0
4 6 0
5 6 0

