#7-176,14,0.00565363409027855_4-0, 13
5
1
13
0
1
0
4
0 2 0
0 3 0
1 2 0
1 4 0

#9-28,2032,0.0_7-0, 556
7
1
1
1
1
1
1
1
7
0 1 0
0 2 0
0 6 0
1 3 0
2 4 0
3 5 0
4 5 0

#8-26,2796,0.0_3-0, 569
4
1
1
1
0
3
0 1 0
0 2 0
0 3 0

#8-8,6988,0.0_5-1, 739
6
1
1
1
1
1
1
5
0 1 0
0 3 0
0 4 0
1 2 0
2 5 0

#8-8,6988,0.0_6-0, 810
6
1
1
1
1
1
1
6
0 1 0
0 2 0
1 3 0
2 4 0
3 5 0
4 5 0

#8-8,6988,0.0_6-1, 771
7
1
1
1
1
1
1
1
6
0 1 0
0 2 0
1 3 0
2 4 0
3 5 0
4 6 0

#6-38,109,2.750955019337198E-11_6-1, 77
7
1
1
1
1
1
1
2
6
0 1 0
0 2 0
0 6 0
1 3 0
2 4 0
3 5 0

#6-38,109,2.750955019337198E-11_6-2, 82
7
1
1
1
1
1
1
2
6
0 1 0
0 4 0
0 6 0
1 2 0
2 3 0
3 5 0

#7-33,245,3.4861002973229915E-14_3-0, 152
4
1
1
1
2
3
0 1 0
0 2 0
0 3 0

#7-33,245,3.4861002973229915E-14_6-1, 175
7
1
1
1
1
1
1
2
6
0 1 0
0 2 0
1 3 0
2 4 0
3 5 0
4 6 0

#8-11,47,0.013835672627741269_6-3, 18
7
1
1
1
1
1
1
3
6
0 1 0
0 2 0
1 3 0
2 4 0
3 5 0
4 6 0

#9-0,10,1.857135188128771E-15_7-0, 3
8
1
5
3
3
3
0
0
0
7
0 1 0
0 2 0
0 3 0
0 4 0
1 5 0
1 6 0
1 7 0

#8-67,46,3.588087751789093E-17_5-4, 24
6
1
2
1
1
0
0
5
0 1 0
0 2 0
0 3 0
1 4 0
1 5 0

#8-67,46,3.588087751789093E-17_8-0, 27
8
1
1
1
1
1
1
2
0
8
0 1 0
0 2 0
0 6 0
1 3 0
2 4 0
3 5 0
4 5 0
6 7 0

#7-48,60,1.4694673583150982E-25_3-0, 32
4
5
1
0
0
3
0 1 0
0 2 0
0 3 0

#7-48,60,1.4694673583150982E-25_3-3, 26
4
1
5
1
0
3
0 1 0
0 2 0
1 3 0

#6-43,79,0.0_5-0, 24
6
13
1
0
1
0
0
5
0 2 0
0 4 0
0 5 0
1 2 0
1 3 0

#10-41,126,0.0_7-0, 100
7
1
1
1
1
1
1
0
7
0 1 0
0 2 0
0 6 0
1 3 0
2 4 0
3 5 0
4 5 0

#10-41,126,0.0_7-3, 96
8
1
1
1
1
1
1
1
0
7
0 1 0
0 2 0
0 5 0
1 3 0
2 6 0
3 4 0
4 7 0

#10-41,126,0.0_7-4, 94
8
1
1
1
1
1
1
1
0
7
0 2 0
0 4 0
0 5 0
1 3 0
1 6 0
1 7 0
2 3 0

#10-41,126,0.0_7-5, 95
8
1
1
1
1
1
1
1
0
7
0 1 0
0 2 0
0 3 0
1 4 0
2 5 0
3 7 0
4 6 0

#10-41,126,0.0_7-13, 97
8
1
1
1
1
1
1
1
0
7
0 1 0
0 2 0
0 5 0
1 3 0
2 7 0
3 4 0
4 6 0

#10-41,126,0.0_8-8, 94
9
1
1
1
1
1
1
1
1
0
8
0 1 0
0 2 0
1 3 0
2 4 0
3 5 0
4 6 0
5 7 0
6 8 0

#10-41,126,0.0_9-2, 92
10
1
1
1
1
1
1
1
1
1
0
9
0 1 0
0 2 0
0 9 0
1 3 0
2 7 0
3 4 0
4 5 0
5 6 0
6 8 0

#8-35,489,0.0_6-2, 292
7
1
1
1
1
1
1
0
6
0 1 0
0 2 0
0 6 0
1 3 0
2 4 0
3 5 0

#8-35,489,0.0_6-3, 295
7
1
1
1
1
1
1
0
6
0 1 0
0 4 0
0 6 0
1 2 0
2 3 0
3 5 0

#8-35,489,0.0_7-1, 290
8
1
1
1
1
1
1
1
0
7
0 1 0
0 2 0
1 3 0
2 4 0
3 5 0
4 6 0
5 7 0

#9-28,642,0.0_4-3, 317
5
1
1
1
1
0
4
0 1 0
0 2 0
0 4 0
1 3 0

#9-28,642,0.0_6-1, 357
7
1
1
1
1
1
1
0
6
0 1 0
0 2 0
1 3 0
2 4 0
3 5 0
4 6 0

#8-27,29,7.353957460787142E-8_5-4, 19
6
1
1
5
1
1
1
5
0 1 0
0 2 0
0 3 0
1 4 0
2 5 0

#8-27,29,7.353957460787142E-8_6-1, 20
7
1
1
1
1
1
1
5
6
0 1 0
0 2 0
0 6 0
1 3 0
2 4 0
3 5 0

#8-27,29,7.353957460787142E-8_6-2, 19
7
1
1
1
1
1
1
5
6
0 1 0
0 4 0
0 6 0
1 2 0
2 3 0
3 5 0

#8-27,29,7.353957460787142E-8_6-3, 22
7
1
1
1
1
1
1
5
6
0 1 0
0 2 0
1 3 0
2 4 0
3 5 0
4 6 0

#8-4,12,8.748985343917628E-29_6-1, 12
7
13
1
0
0
1
1
5
6
0 2 0
0 3 0
0 6 0
1 2 0
1 4 0
3 5 0

#8-4,113,1.8793350209378445E-10_7-0, 61
7
1
1
1
1
1
1
4
7
0 1 0
0 2 0
0 6 0
1 3 0
2 4 0
3 5 0
4 5 0

#8-0,12,0.012673510751962337_7-0, 6
7
1
1
1
1
1
1
6
7
0 1 0
0 2 0
0 6 0
1 3 0
2 4 0
3 5 0
4 5 0

#9-1,7,0.01797956880696582_20-0, 4
19
1
1
1
1
1
1
1
1
1
1
1
1
1
0
1
0
9
9
9
20
0 2 0
0 3 0
0 13 0
1 4 0
1 10 0
1 15 0
2 7 0
2 16 0
3 8 0
3 17 0
4 9 0
4 18 0
5 7 0
5 8 0
5 12 0
6 9 0
6 11 0
6 13 0
10 11 0
12 14 0

#6-1,14,0.03883355251990371_5-0, 4
6
28
28
0
0
0
0
5
0 1 0
0 2 0
0 3 0
1 4 0
1 5 0

