#8-92,250,0.0_9-0, 133
9
2
1
2
2
2
2
2
0
0
9
0 1 0
0 2 0
0 3 0
1 7 0
1 8 0
2 4 0
3 5 0
4 6 0
5 6 0

#9-86,281,0.0_7-11, 163
8
2
2
2
2
0
2
2
2
7
0 1 0
0 2 0
0 4 0
1 5 0
1 6 0
2 3 0
3 7 0

#9-86,281,0.0_8-2, 163
9
2
2
2
2
2
0
2
2
2
8
0 1 0
0 3 0
0 5 0
1 2 0
1 6 0
2 4 0
3 7 0
4 8 0

#9-86,281,0.0_8-4, 161
9
2
2
2
2
2
2
0
2
2
8
0 1 0
0 2 0
0 7 0
1 3 0
2 4 0
3 5 0
4 6 0
5 8 0

#9-86,281,0.0_8-6, 162
9
2
2
2
2
2
2
0
2
2
8
0 1 0
0 2 0
0 7 0
1 3 0
2 5 0
3 4 0
4 6 0
5 8 0

#9-86,281,0.0_8-8, 163
9
2
2
2
2
2
0
2
2
2
8
0 2 0
0 4 0
0 6 0
1 3 0
1 5 0
1 7 0
2 3 0
4 8 0

#9-86,281,0.0_8-10, 162
9
2
2
2
2
2
0
2
2
2
8
0 1 0
0 2 0
0 6 0
1 5 0
1 7 0
2 3 0
3 4 0
4 8 0

#9-86,281,0.0_9-3, 161
10
2
2
2
2
2
2
2
0
2
2
9
0 1 0
0 2 0
0 8 0
1 3 0
2 6 0
3 4 0
4 5 0
5 7 0
6 9 0

#9-86,281,0.0_11-0, 162
12
2
2
2
2
2
2
2
2
2
0
2
2
11
0 1 0
0 2 0
0 9 0
1 3 0
2 4 0
3 5 0
4 7 0
5 6 0
6 8 0
7 10 0
8 11 0

#9-86,281,0.0_11-1, 166
12
2
2
2
2
2
2
2
2
2
0
2
2
11
0 1 0
0 9 0
0 10 0
1 2 0
2 3 0
3 4 0
4 5 0
5 6 0
6 7 0
7 8 0
8 11 0

#9-86,281,0.0_11-2, 162
12
2
2
2
2
2
2
2
2
2
0
2
2
11
0 1 0
0 2 0
0 9 0
1 3 0
2 7 0
3 4 0
4 5 0
5 6 0
6 8 0
7 10 0
8 11 0

#9-86,281,0.0_11-3, 167
12
2
2
2
2
2
2
2
2
2
2
0
2
11
0 1 0
0 2 0
1 3 0
2 4 0
3 5 0
4 6 0
5 7 0
6 8 0
7 9 0
8 10 0
9 11 0

#9-86,281,0.0_11-5, 166
12
2
2
2
2
2
2
2
2
2
0
2
2
11
0 1 0
0 2 0
0 9 0
1 3 0
2 10 0
3 4 0
4 5 0
5 6 0
6 7 0
7 8 0
8 11 0

#9-71,967,0.0_6-7, 504
7
2
0
2
2
2
2
2
6
0 1 0
0 2 0
0 4 0
1 5 0
2 3 0
3 6 0

#10-67,1420,0.0_4-2, 605
5
0
2
2
2
2
4
0 1 0
0 3 0
1 2 0
2 4 0

#10-67,1420,0.0_5-5, 597
6
2
2
2
0
2
2
5
0 1 0
0 4 0
0 5 0
1 2 0
2 3 0

#10-67,1420,0.0_7-5, 592
8
2
2
2
2
2
0
2
2
7
0 1 0
0 2 0
0 6 0
1 3 0
2 5 0
3 4 0
4 7 0

#10-67,1420,0.0_8-4, 609
9
2
2
2
2
2
2
0
2
2
8
0 1 0
0 2 0
0 6 0
1 3 0
2 7 0
3 4 0
4 5 0
5 8 0

#8-88,1639,0.0_7-0, 756
7
2
2
2
2
2
2
0
7
0 1 0
0 2 0
0 6 0
1 3 0
2 4 0
3 5 0
4 5 0

#8-88,1639,0.0_7-4, 766
8
2
2
2
2
2
0
2
2
7
0 1 0
0 6 0
0 7 0
1 2 0
2 3 0
3 4 0
4 5 0

#8-88,1639,0.0_7-5, 772
8
2
2
2
2
2
0
2
2
7
0 1 0
0 2 0
0 5 0
1 3 0
2 4 0
3 6 0
4 7 0

#8-88,1639,0.0_7-8, 761
8
2
2
2
2
2
0
2
2
7
0 1 0
0 2 0
0 6 0
1 3 0
2 7 0
3 4 0
4 5 0

#8-88,1639,0.0_7-9, 793
8
2
2
2
2
2
0
2
2
7
0 1 0
0 2 0
0 6 0
1 3 0
2 4 0
3 5 0
4 7 0

#8-88,1639,0.0_7-13, 765
8
2
2
2
2
0
2
2
2
7
0 2 0
0 3 0
0 4 0
1 2 0
1 5 0
1 6 0
3 7 0

#8-88,1639,0.0_7-16, 754
8
2
2
2
2
0
2
2
2
7
0 2 0
0 3 0
0 5 0
1 2 0
1 4 0
1 6 0
3 7 0

#8-88,1639,0.0_8-1, 785
9
2
0
2
2
2
2
2
2
2
8
0 1 0
0 2 0
0 6 0
1 7 0
2 3 0
3 4 0
4 5 0
5 8 0

#8-88,1639,0.0_8-7, 768
9
2
0
2
2
2
2
2
2
2
8
0 1 0
0 2 0
0 3 0
1 6 0
2 4 0
3 7 0
4 5 0
5 8 0

#8-88,1639,0.0_9-0, 754
10
2
2
2
2
2
2
2
0
2
2
9
0 1 0
0 2 0
0 7 0
1 3 0
2 8 0
3 4 0
4 5 0
5 6 0
6 9 0

#8-88,1639,0.0_9-1, 751
10
2
2
2
2
2
2
2
0
2
2
9
0 1 0
0 7 0
0 8 0
1 2 0
2 3 0
3 4 0
4 5 0
5 6 0
6 9 0

#8-88,1639,0.0_9-3, 765
10
0
2
2
2
2
2
2
2
2
2
9
0 1 0
0 8 0
1 2 0
2 3 0
3 4 0
4 5 0
5 6 0
6 7 0
7 9 0

#8-77,2952,0.0_7-4, 895
8
2
2
2
2
2
0
2
2
7
0 1 0
0 5 0
0 6 0
1 2 0
2 3 0
3 4 0
4 7 0

#9-71,3634,0.0_5-4, 917
6
2
0
2
2
2
2
5
0 1 0
0 2 0
0 3 0
1 4 0
2 5 0

#9-71,3634,0.0_7-3, 938
8
0
2
2
2
2
2
2
2
7
0 1 0
0 6 0
1 2 0
2 3 0
3 4 0
4 5 0
5 7 0

#9-52,6717,0.0_8-2, 1224
9
2
2
2
2
2
2
0
2
2
8
0 1 0
0 6 0
0 7 0
1 2 0
2 3 0
3 4 0
4 5 0
5 8 0

#9-52,6717,0.0_9-0, 1230
10
2
2
2
2
2
2
2
2
0
2
9
0 1 0
0 2 0
1 3 0
2 4 0
3 5 0
4 6 0
5 7 0
6 8 0
7 9 0

#8-46,7491,0.0_7-3, 1360
8
2
2
2
2
2
0
2
2
7
0 1 0
0 2 0
0 5 0
1 3 0
2 6 0
3 4 0
4 7 0

#8-46,7491,0.0_8-1, 1351
9
2
2
2
2
2
2
2
0
2
8
0 1 0
0 2 0
1 3 0
2 4 0
3 5 0
4 6 0
5 7 0
6 8 0

#7-35,10461,0.0_5-3, 1345
6
2
2
2
2
2
1
5
0 1 0
0 2 0
0 5 0
1 3 0
2 4 0

#7-35,10461,0.0_6-3, 1349
7
2
2
2
1
2
2
2
6
0 1 0
0 3 0
0 4 0
1 2 0
2 5 0
3 6 0

#7-35,10461,0.0_6-5, 1374
7
2
2
2
2
2
2
1
6
0 1 0
0 4 0
0 6 0
1 2 0
2 3 0
3 5 0

#7-35,10461,0.0_7-2, 1417
8
2
2
2
2
2
2
2
1
7
0 1 0
0 2 0
1 3 0
2 4 0
3 5 0
4 6 0
5 7 0

#7-35,10461,0.0_7-3, 1353
8
2
2
2
2
2
1
2
2
7
0 1 0
0 2 0
1 3 0
2 5 0
3 6 0
4 5 0
4 7 0

#10-75,105,0.0_8-1, 76
8
2
2
2
2
2
2
1
2
8
0 1 0
0 2 0
0 6 0
1 3 0
2 4 0
3 5 0
4 5 0
6 7 0

#10-75,105,0.0_9-25, 82
10
2
2
2
2
2
2
2
2
2
1
9
0 1 0
0 2 0
0 3 0
1 4 0
2 5 0
3 7 0
4 6 0
5 8 0
6 9 0

#10-75,105,0.0_9-32, 76
10
2
2
2
2
2
1
2
2
2
2
9
0 1 0
0 2 0
0 5 0
1 3 0
1 6 0
2 4 0
3 7 0
4 8 0
5 9 0

#10-75,105,0.0_9-38, 76
10
2
2
2
2
2
1
2
2
2
2
9
0 1 0
0 2 0
0 6 0
1 5 0
1 7 0
2 3 0
3 4 0
4 8 0
5 9 0

#10-75,105,0.0_9-55, 77
10
2
2
2
2
2
1
2
2
2
2
9
0 1 0
0 2 0
0 3 0
1 4 0
1 5 0
2 6 0
3 7 0
4 8 0
5 9 0

#10-75,105,0.0_10-1, 76
11
2
2
2
2
2
2
2
2
2
2
1
10
0 1 0
0 2 0
0 3 0
1 7 0
1 10 0
2 4 0
3 5 0
4 6 0
5 8 0
6 9 0

#10-75,105,0.0_10-15, 76
11
2
2
2
2
2
2
2
2
2
2
1
10
0 1 0
0 2 0
0 8 0
1 3 0
2 10 0
3 4 0
4 5 0
5 6 0
6 7 0
7 9 0

#10-75,105,0.0_10-21, 76
11
2
2
2
2
2
2
2
2
2
2
1
10
0 1 0
0 2 0
0 3 0
1 4 0
1 10 0
2 5 0
3 7 0
4 8 0
5 6 0
6 9 0

#10-75,105,0.0_10-27, 76
11
2
2
2
2
2
2
2
2
2
2
1
10
0 1 0
0 2 0
0 3 0
1 4 0
2 5 0
3 10 0
4 6 0
5 7 0
6 8 0
7 9 0

#10-75,105,0.0_10-28, 78
11
2
2
2
2
2
2
2
2
2
2
1
10
0 1 0
0 2 0
0 7 0
1 3 0
1 10 0
2 4 0
3 5 0
4 6 0
5 8 0
6 9 0

#10-75,105,0.0_10-32, 77
11
2
2
2
2
2
2
1
2
2
2
2
10
0 1 0
0 2 0
0 6 0
1 3 0
1 7 0
2 8 0
3 9 0
4 5 0
4 6 0
5 10 0

#10-75,105,0.0_10-34, 76
11
2
2
2
2
2
2
1
2
2
2
2
10
0 1 0
0 2 0
0 3 0
1 6 0
1 7 0
2 4 0
3 8 0
4 9 0
5 6 0
5 10 0

#10-75,105,0.0_10-36, 77
11
2
2
2
2
2
2
1
2
2
2
2
10
0 1 0
0 2 0
0 7 0
1 6 0
1 8 0
2 4 0
3 5 0
3 6 0
4 9 0
5 10 0

#10-75,105,0.0_11-1, 76
12
2
2
2
2
2
2
2
2
2
2
2
1
11
0 1 0
0 2 0
0 11 0
1 3 0
2 9 0
3 4 0
4 5 0
5 6 0
6 7 0
7 8 0
8 10 0

#10-75,105,0.0_11-7, 79
12
2
2
2
2
2
2
2
2
1
2
2
2
11
0 1 0
0 2 0
0 8 0
1 3 0
2 6 0
3 4 0
4 5 0
5 7 0
6 9 0
7 10 0
8 11 0

#10-75,105,0.0_11-9, 76
12
2
2
2
2
2
2
2
2
2
2
2
1
11
0 2 0
0 3 0
0 8 0
1 4 0
1 5 0
1 11 0
2 4 0
3 6 0
5 7 0
6 9 0
7 10 0

#10-75,105,0.0_11-15, 76
12
2
2
2
2
2
2
2
2
2
2
2
1
11
0 2 0
0 3 0
0 8 0
1 4 0
1 5 0
1 11 0
2 4 0
3 6 0
5 9 0
6 7 0
7 10 0

#10-75,105,0.0_11-18, 78
12
2
2
2
2
2
2
2
2
1
2
2
2
11
0 1 0
0 8 0
0 9 0
1 2 0
2 3 0
3 4 0
4 6 0
5 7 0
5 8 0
6 10 0
7 11 0

#10-75,105,0.0_11-19, 78
12
2
2
2
2
2
2
2
2
2
2
2
1
11
0 1 0
0 2 0
0 11 0
1 3 0
2 4 0
3 5 0
4 7 0
5 6 0
6 8 0
7 9 0
8 10 0

#10-75,105,0.0_11-20, 80
12
2
2
2
2
2
2
2
2
1
2
2
2
11
0 1 0
0 2 0
0 8 0
1 3 0
2 9 0
3 4 0
4 5 0
5 6 0
6 10 0
7 8 0
7 11 0

#10-75,105,0.0_11-21, 77
12
2
2
2
2
2
2
2
2
2
2
2
1
11
0 1 0
0 2 0
0 11 0
1 3 0
2 7 0
3 4 0
4 5 0
5 6 0
6 8 0
7 9 0
8 10 0

#10-75,105,0.0_11-24, 77
12
2
2
2
2
2
2
2
2
1
2
2
2
11
0 1 0
0 2 0
0 8 0
1 3 0
2 9 0
3 4 0
4 5 0
5 6 0
6 7 0
7 10 0
8 11 0

#10-75,105,0.0_11-27, 76
12
2
2
2
2
2
2
2
2
1
2
2
2
11
0 1 0
0 2 0
0 8 0
1 3 0
2 4 0
3 5 0
4 6 0
5 7 0
6 9 0
7 10 0
8 11 0

#10-75,105,0.0_11-31, 76
12
2
2
2
2
2
2
2
2
1
2
2
2
11
0 1 0
0 8 0
0 9 0
1 10 0
2 3 0
2 4 0
3 5 0
4 6 0
5 7 0
6 8 0
7 11 0

#10-75,105,0.0_12-2, 78
13
2
2
2
2
2
2
2
2
2
2
2
2
1
12
0 1 0
0 2 0
1 3 0
2 4 0
3 5 0
4 6 0
5 7 0
6 8 0
7 9 0
8 10 0
9 11 0
10 12 0

#10-75,105,0.0_12-3, 78
13
2
2
2
2
2
2
2
2
2
1
2
2
2
12
0 1 0
0 2 0
0 3 0
1 4 0
2 9 0
3 10 0
4 7 0
5 6 0
5 8 0
6 9 0
7 11 0
8 12 0

#10-75,105,0.0_12-4, 78
13
2
2
2
2
2
2
2
2
2
1
2
2
2
12
0 1 0
0 2 0
0 10 0
1 3 0
2 9 0
3 7 0
4 5 0
4 6 0
5 8 0
6 9 0
7 11 0
8 12 0

#10-75,105,0.0_12-5, 77
13
2
2
2
2
2
2
2
2
2
1
2
2
2
12
0 1 0
0 2 0
0 9 0
1 3 0
2 10 0
3 7 0
4 5 0
4 6 0
5 8 0
6 9 0
7 11 0
8 12 0

#10-75,105,0.0_12-8, 76
13
2
2
2
2
2
2
2
2
2
1
2
2
2
12
0 1 0
0 2 0
0 9 0
1 3 0
2 6 0
3 4 0
4 7 0
5 8 0
5 9 0
6 10 0
7 11 0
8 12 0

#10-75,105,0.0_12-9, 76
13
2
2
2
2
2
2
2
2
2
1
2
2
2
12
0 1 0
0 2 0
0 9 0
1 3 0
2 6 0
3 7 0
4 5 0
4 8 0
5 9 0
6 10 0
7 11 0
8 12 0

#10-75,105,0.0_12-10, 76
13
2
2
2
2
2
2
2
2
2
1
2
2
2
12
0 1 0
0 2 0
0 3 0
1 7 0
2 9 0
3 10 0
4 5 0
4 6 0
5 8 0
6 9 0
7 11 0
8 12 0

#10-75,105,0.0_12-11, 77
13
2
2
2
2
2
2
2
2
2
1
2
2
2
12
0 1 0
0 2 0
0 9 0
1 7 0
2 10 0
3 4 0
3 5 0
4 6 0
5 8 0
6 9 0
7 11 0
8 12 0

#10-75,105,0.0_12-14, 76
13
2
2
2
2
2
2
2
2
2
1
2
2
2
12
0 1 0
0 2 0
0 10 0
1 7 0
2 9 0
3 4 0
3 5 0
4 6 0
5 8 0
6 9 0
7 11 0
8 12 0

#10-75,105,0.0_12-15, 77
13
2
2
2
2
2
2
2
2
2
1
2
2
2
12
0 1 0
0 9 0
0 10 0
1 2 0
2 7 0
3 4 0
3 5 0
4 6 0
5 8 0
6 9 0
7 11 0
8 12 0

#10-75,105,0.0_13-0, 76
14
2
2
2
2
2
2
2
2
2
2
2
1
2
2
13
0 1 0
0 3 0
1 5 0
2 4 0
2 6 0
3 7 0
4 8 0
5 9 0
6 10 0
7 11 0
8 11 0
9 12 0
10 13 0

#10-75,105,0.0_13-1, 76
14
2
2
2
2
2
2
2
2
2
2
2
1
2
2
13
0 1 0
0 2 0
1 3 0
2 5 0
3 7 0
4 6 0
4 8 0
5 9 0
6 10 0
7 11 0
8 11 0
9 12 0
10 13 0

#10-75,105,0.0_13-2, 77
14
2
2
2
2
2
2
2
2
2
2
2
1
2
2
13
0 1 0
0 2 0
1 3 0
2 4 0
3 5 0
4 6 0
5 7 0
6 9 0
7 11 0
8 10 0
8 11 0
9 12 0
10 13 0

#9-71,412,0.0_4-5, 206
5
2
2
1
0
2
4
0 2 0
0 3 0
1 2 0
1 4 0

#9-44,1091,0.0_4-5, 607
5
2
2
2
2
1
4
0 1 0
0 2 0
0 3 0
1 4 0

#9-44,1091,0.0_6-12, 613
7
2
2
2
1
2
2
2
6
0 3 0
0 4 0
0 5 0
1 2 0
1 3 0
2 6 0

#9-44,1091,0.0_7-0, 608
8
2
2
2
2
1
2
2
2
7
0 1 0
0 4 0
0 5 0
1 2 0
2 6 0
3 4 0
3 7 0

#9-44,1091,0.0_7-4, 609
8
2
2
2
2
1
2
2
2
7
0 1 0
0 2 0
0 4 0
1 5 0
2 6 0
3 4 0
3 7 0

#9-44,1091,0.0_7-5, 624
8
2
2
2
2
1
2
2
2
7
0 1 0
0 4 0
0 5 0
1 2 0
2 3 0
3 6 0
4 7 0

#9-44,1091,0.0_7-6, 629
8
2
2
2
2
1
2
2
2
7
0 1 0
0 2 0
0 4 0
1 3 0
2 5 0
3 6 0
4 7 0

#9-44,1091,0.0_8-1, 605
9
2
2
2
2
2
2
1
2
2
8
0 1 0
0 2 0
1 4 0
2 6 0
3 5 0
3 6 0
4 7 0
5 8 0

#9-44,1091,0.0_9-0, 600
10
2
2
2
2
2
2
2
1
2
2
9
0 1 0
0 2 0
1 3 0
2 4 0
3 5 0
4 7 0
5 8 0
6 7 0
6 9 0

#8-40,1135,0.0_4-5, 504
5
2
1
2
2
2
4
0 1 0
0 2 0
0 3 0
1 4 0

#8-40,1135,0.0_5-4, 488
6
2
2
2
2
2
1
5
0 1 0
0 3 0
0 5 0
1 2 0
2 4 0

#8-40,1135,0.0_6-0, 505
7
2
2
2
2
1
2
2
6
0 1 0
0 2 0
1 4 0
2 5 0
3 4 0
3 6 0

#8-40,1135,0.0_7-0, 488
8
2
2
2
2
2
1
2
2
7
0 1 0
0 2 0
1 3 0
2 4 0
3 5 0
4 6 0
5 7 0

#7-54,23,1.9528023895050335E-6_3-0, 23
4
3
0
0
0
3
0 1 0
0 2 0
0 3 0

#9-5,24,2.6871530338964777E-23_10-2, 20
11
2
2
2
2
2
1
1
2
1
1
3
10
0 2 0
0 3 0
0 8 0
1 5 0
1 9 0
1 10 0
2 4 0
3 6 0
4 7 0
5 6 0

#9-5,24,2.6871530338964777E-23_10-4, 19
11
2
2
2
2
1
1
1
2
2
1
3
10
0 2 0
0 3 0
0 5 0
1 4 0
1 9 0
1 10 0
2 6 0
3 7 0
4 6 0
5 8 0

#9-5,24,2.6871530338964777E-23_10-6, 19
11
2
2
2
2
1
1
1
2
2
1
3
10
0 2 0
0 4 0
0 7 0
1 5 0
1 9 0
1 10 0
2 6 0
3 4 0
3 8 0
5 6 0

#9-5,24,2.6871530338964777E-23_11-0, 19
12
2
2
2
2
2
1
1
1
2
2
1
3
11
0 2 0
0 8 0
0 10 0
1 5 0
1 6 0
1 11 0
2 7 0
3 4 0
3 5 0
4 9 0
6 7 0

#8-4,113,0.0_7-3, 78
8
2
2
2
2
3
2
2
2
7
0 1 0
0 2 0
0 4 0
1 3 0
2 5 0
3 6 0
4 7 0

#8-4,113,0.0_7-6, 76
8
2
2
2
2
3
2
2
2
7
0 1 0
0 4 0
0 5 0
1 2 0
2 3 0
3 6 0
4 7 0

#8-4,113,0.0_8-0, 71
9
2
2
2
2
2
2
3
2
2
8
0 1 0
0 2 0
1 3 0
2 4 0
3 5 0
4 6 0
5 7 0
6 8 0

#10-13,6,3.5296426558947147E-4_10-0, 4
11
5
2
0
2
2
2
0
0
0
0
2
10
0 2 0
0 6 0
0 7 0
0 8 0
1 3 0
1 4 0
1 9 0
2 3 0
4 5 0
5 10 0

#10-13,6,3.5296426558947147E-4_10-1, 4
11
5
2
0
0
2
2
0
0
0
2
2
10
0 2 0
0 6 0
0 7 0
0 8 0
1 3 0
1 4 0
1 5 0
2 4 0
3 9 0
5 10 0

#7-4,7,5.1654361926896344E-6_18-3468, 3
19
5
2
1
0
2
2
2
2
2
2
2
2
2
0
0
0
2
1
13
18
0 2 0
0 3 0
0 13 0
0 17 0
1 4 0
1 5 0
1 14 0
2 6 0
2 16 0
3 7 0
4 8 0
5 9 0
6 12 0
7 10 0
8 10 0
9 11 0
11 15 0
12 18 0

#7-4,7,5.1654361926896344E-6_24-0, 3
23
5
2
2
2
2
2
2
1
1
0
0
2
2
2
2
0
0
0
2
2
2
2
1
24
0 7 0
0 9 0
0 15 0
0 22 0
1 2 0
1 5 0
1 8 0
2 3 0
2 11 0
3 4 0
3 16 0
4 10 0
4 12 0
5 12 0
5 17 0
6 8 0
6 11 0
6 13 0
7 14 0
7 18 0
8 19 0
9 13 0
10 20 0
14 21 0

#8-0,14,4.135348542699257E-9_21-0, 6
19
2
2
2
5
2
2
2
2
2
2
2
2
2
2
2
2
2
2
2
21
0 3 0
0 4 0
0 5 0
1 3 0
1 6 0
1 7 0
2 3 0
2 8 0
2 9 0
4 10 0
5 11 0
6 12 0
7 13 0
8 14 0
9 15 0
10 16 0
11 16 0
12 17 0
13 17 0
14 18 0
15 18 0

#10-27,50,2.5572632395909345E-4_4-0, 24
5
2
2
6
6
6
4
0 1 0
0 2 0
0 3 0
0 4 0

#8-18,45,7.4790557003101554E-6_7-1, 39
7
2
2
2
2
2
2
6
7
0 1 0
0 2 0
0 6 0
1 3 0
2 4 0
3 5 0
4 5 0

#9-8,36,2.0369135474106865E-8_4-0, 19
5
2
2
0
6
6
4
0 1 0
0 3 0
0 4 0
1 2 0

#9-0,23,4.283289400053585E-42_7-0, 13
8
2
3
0
0
0
6
6
6
7
0 1 0
0 5 0
0 6 0
0 7 0
1 2 0
1 3 0
1 4 0

#8-0,37,8.530166976522535E-5_8-0, 33
9
2
2
2
2
2
2
8
2
2
8
0 2 0
0 4 0
1 3 0
1 5 0
2 6 0
3 6 0
4 7 0
5 8 0

#8-4,11,0.0010701868367823976_4-3, 7
5
2
2
1
2
13
4
0 1 0
0 2 0
1 4 0
2 3 0

#9-0,4,1.076593420581226E-11_7-0, 4
8
25
2
2
2
3
0
2
2
7
0 4 0
0 6 0
0 7 0
1 2 0
1 3 0
2 4 0
3 5 0

#8-0,6,7.520940813523952E-7_20-0, 6
20
2
2
2
2
2
26
2
2
2
2
2
2
2
1
0
0
0
2
2
1
20
0 1 0
0 6 0
0 19 0
1 13 0
1 14 0
2 5 0
2 7 0
2 13 0
3 6 0
3 8 0
3 9 0
4 7 0
4 17 0
4 18 0
5 15 0
5 16 0
8 10 0
9 11 0
10 12 0
11 12 0

