0011101111010110111000101001011100
0010000000000000000000100000000000
0011111110101011111000111010110010
0011001111010000101000100000000000
0011101111010010111000100101010100
0011101110101010000000111000100000
0011111111110110111000111101110110
0011111111110111111000111101111110
0011000000000000000000100000000000
0011111111110110111000111101110110
0011111111110111111000111101111100
0010000000000000000000100000000000
1111111111010100111111101000000000
0011101111010010111000100101010100
0011011111010000111000100000000000
0011101111010010111000100001010000
0000111111110111111000010101111111
0011111111111111111000111111111111
1111101111010010111101100001010000
0011111111110111111000111101111111
0011101111010010111000100001010000
0011111111111111111000111111111110
0011011111111000111000100000100000
0011101111010010111000100001010000
0011001010000000000000100000000000
0011001010001000000000100000000000
0011000110000000110000100000010000
1110001000000000000101100000000000
0010001100100000000000100000000000
0010000000000000000000100000000000
0011111111110111111000111101111110
0011101111010110111000101001011100
0010000000000000000000100000000000
0011111111110111111000111101111111
0011101111110110111000111001111100
0011101111000010111000101001010010
0010000000000000000000100000000000
0010001100100000000000100000000000
0011111111111111111000111111111111
0011101111010010111000100001010000
0010000000000000000000100000000000
0011001010000000001000100000000000
0011001111111000100000100000100000
1111111111110111111111111101111111
0011001110100000000000100000000000
0011101111010010111000100001010000
0010000000000000000000100000000000
0100000000000000000001000000000000
1111101111010010111111100001010000
0011001110100000000000100000000000
0010011110000000011000100000000000
1111111110101011111111111010110010
0011111111110111111000111101111111
1110000000000000000101100000000000
0011111111111111111000111111111111
0011101111010010111000100001010000
0010001000101000000000100000100000
0011101111000010111000101101010110
0011000111010000100000100000000000
0010011110000000011000100000000000
0011000111010000100000100001000000
0010000000000000000000100000000000
0010111111111111111000111011110100
0010000000000000000000100000000000
0011111111111111111000111111111110
0011000111010000100000100000000000
0011000000000000000000100000000000
0000111111110111111000010101111111
1111000000000000000100100000000000
0010000000000000000000100000000000
0011111111111111111000111111111111
0011101111110110111000111001111100
0011111111110111111000111101111111
0011001110100000000000100000000000
0011111111110110111000111101110110
1111101111010010111101100001010000
0010000000000000000000100000000000
0000111111100000111000010001100000
0011111111110111111000111101111111
1111111111111010111111101001110000
0011101111110110111000111001111100
0011111111111111111000111111111111
0010001000101000000000100000000000
0011111111110111111000111101111110
0011111111110111111000111101111100
0011111111110111111000111101111111
0011001111111000100000100000100000
0111000000000000000000100000000000
0010000000000000000000100000000000
0011000111010000100000100000000000
0010000000000000000000100000000000
0011011111111000111000100000100000
0011111111110111111000111101111111
0011001111111000100000100000100000
0010000000000000000000100000000000
0011111111111111111000111111111110
0011111111111110111000111011110110
0011001111010000101000100001000000
0011101111110110111000111001111100
0010000000000000000000100000000000
0011011111010000111000100000000000
0011001110100000111000101000100000
0010000000000000000000100000000000
1111000110000000110111100000010000
0110000000000000000000100000000000
0010000000000000000000100000000000
0010000000000000000000100000000000
0011111111110111111000111101111110
0010000000000000000000100000000000
0010001100100000000000100000000000
0010000000000000000000100000000000
0010000000000000000000100000000000
0010000000000000000000100000000000
0011000111010000100000100000000000
0011000111010000100000100000000000
0010000000000000000000100000000000
0011111110100010111000101000100000
0010000000000000000000100000000000
0000000000000000000000000000000000
0011111111110111111000111101111110
0011001110100000111000101000100000
0000000000000000000000000000000000
0010000000000000000000100000000000
0011000000000000000000100000000000
1111111111110110111111111101110110
0011101111010010111000100001010000
1111111111110110111111111101110110
0010000000000000000000100000000000
0011111111111111111000111111111111
0011011111010000111000100000000000
0011111111010111111000111101011110
1111111111110110111111111101110110
0011111111110110111000111101110110
0010000000000000000000100000000000
0010000000000000000000100000000000
0011001111111000100000100000100000
0011000000000000000000100000000000
0011011111010000111000100000000000
0011111111110111111000111101111110
0011001000000000000000100000000000
0010000000000000000000100000000000
0010000000000000000000100000000000
1111000110000000110111100000010000
0011111111111111111000111111111111
0010000000000000000000100000000000
0011111111110110111000111101110110
0010000000000000000000100000000000
0010000000000000000000100000000000
0011111111010111111000111101011111
0010011110000000011000100000000000
0010001000000000000000100000000000
0010000000000000000000100000000000
0011111111110110111000111101110110
1111101111010010111101100001010000
0010000000000000000000100000000000
0010001000000000000000100000000000
0010000000000000000000100000000000
1111111111111010111111101001110000
0000111111110111111000010101111111
0011101111010010111000100001010000
0011000111010000100000100000000000
0011101111010010111000100001010000
0011111111111111111000111111111111
0010000000000000000000100000000000
0000111111110111111000010101111111
0011111111111010111000101001110000
0010000000000000000000100000000000
0000111111110111111000010101111111
1110011110000000011111100000000000
1111111111110111111111111101111111
0011111111111111111000111111110111
0010011110000000011000100000000000
1111111111110110111111111101110110
0011111110100010111000101000100000
0011001000000000000000100000000000
0010000000000000000000100000000000
0010000000000000000000100000000000
0011101111110110111000111001111100
1111111111110110111111111101110110
0011000000000000000000100000000000
0010000000000000000000100000000000
0010000000000000000000100000000000
0011101111110110111000111001111100
0011111111110110111000111101110110
0010000000000000000000100000000000
0010000000000000000000100000000000
0010001100000000000000100000000000
0011111111111111111000111111111100
