#8-185,2698,0.0_7-1, 1778
8
2
2
2
2
1
0
2
2
7
0 1 0
0 2 0
0 4 0
1 3 0
2 6 0
3 7 0
4 5 0

#8-185,2698,0.0_7-3, 1801
8
2
2
2
2
1
0
2
2
7
0 1 0
0 4 0
0 6 0
1 2 0
2 3 0
3 7 0
4 5 0

#9-184,2741,0.0_4-4, 1891
5
2
1
0
2
2
4
0 1 0
0 2 0
0 3 0
1 4 0

#9-184,2741,0.0_5-1, 1890
6
2
2
2
1
0
2
5
0 1 0
0 3 0
1 5 0
2 3 0
2 4 0

#9-176,2910,0.0_7-3, 2093
8
2
2
2
2
0
2
2
2
7
0 1 0
0 2 0
0 4 0
1 3 0
1 5 0
2 6 0
3 7 0

#9-176,2910,0.0_7-6, 2098
8
2
2
2
2
2
0
2
2
7
0 1 0
0 2 0
0 3 0
1 4 0
2 5 0
3 6 0
4 7 0

#9-176,2910,0.0_7-8, 2086
8
2
2
2
2
0
2
2
2
7
0 1 0
0 2 0
0 4 0
1 5 0
1 6 0
2 3 0
3 7 0

#9-176,2910,0.0_7-10, 2129
8
2
2
2
2
0
2
2
2
7
0 1 0
0 2 0
0 5 0
1 4 0
1 6 0
2 3 0
3 7 0

#9-176,2910,0.0_7-12, 2214
8
2
2
2
2
2
0
2
2
7
0 1 0
0 2 0
0 6 0
1 3 0
2 5 0
3 4 0
4 7 0

#9-176,2910,0.0_8-8, 2128
9
2
2
2
2
2
2
0
2
2
8
0 1 0
0 2 0
0 6 0
1 3 0
2 4 0
3 5 0
4 7 0
5 8 0

#9-176,2910,0.0_9-1, 2098
10
2
2
2
2
2
2
2
0
2
2
9
0 1 0
0 2 0
0 7 0
1 3 0
2 8 0
3 4 0
4 5 0
5 6 0
6 9 0

#9-176,2910,0.0_9-2, 2092
10
2
2
2
2
2
2
2
2
0
2
9
0 1 0
0 2 0
1 3 0
2 4 0
3 5 0
4 6 0
5 7 0
6 8 0
7 9 0

#7-170,2953,0.0_6-3, 1669
7
3
2
2
2
0
0
2
6
0 1 0
0 4 0
0 5 0
1 2 0
2 3 0
3 6 0

#7-170,2953,0.0_7-0, 1666
8
2
2
2
2
2
3
0
2
7
0 1 0
0 2 0
1 3 0
2 4 0
3 5 0
4 7 0
5 6 0

#8-161,3092,0.0_5-3, 1869
6
1
2
2
0
0
2
5
0 1 0
0 3 0
0 4 0
1 2 0
2 5 0

#8-161,3092,0.0_6-3, 1871
7
2
2
2
1
0
2
2
6
0 1 0
0 3 0
0 5 0
1 2 0
2 6 0
3 4 0

#8-161,3092,0.0_7-0, 1911
8
2
2
2
2
2
1
0
2
7
0 1 0
0 2 0
1 3 0
2 4 0
3 5 0
4 7 0
5 6 0

#8-159,3384,0.0_9-0, 1745
9
2
3
2
2
2
2
2
0
0
9
0 1 0
0 2 0
0 3 0
1 7 0
1 8 0
2 4 0
3 5 0
4 6 0
5 6 0

#9-91,10091,0.0_4-1, 5767
5
0
2
2
2
2
4
0 1 0
0 3 0
1 2 0
2 4 0

#7-126,193839,7.313992744784059E-10_6-0, 32456
6
2
2
2
2
2
2
6
0 1 0
0 2 0
1 3 0
2 4 0
3 5 0
4 5 0

#7-126,193839,7.313992744784059E-10_6-1, 31421
7
2
2
2
2
2
2
2
6
0 1 0
0 2 0
1 3 0
2 4 0
3 5 0
4 6 0

#7-126,193839,7.313992744784059E-10_6-2, 30439
7
2
2
2
2
2
2
2
6
0 1 0
0 4 0
0 5 0
1 2 0
2 3 0
3 6 0

#7-126,193839,7.313992744784059E-10_6-3, 30440
7
2
2
2
2
2
2
2
6
0 1 0
0 2 0
0 4 0
1 3 0
2 5 0
3 6 0

#7-117,21181,5.551115123125783E-16_5-1, 6303
6
2
2
2
2
2
3
5
0 1 0
0 2 0
1 3 0
2 4 0
3 5 0

#8-112,16263,0.0_3-3, 8427
4
2
0
2
2
3
0 1 0
0 2 0
0 3 0

#8-112,16263,0.0_6-1, 8656
7
0
2
2
2
2
2
2
6
0 1 0
0 5 0
1 2 0
2 3 0
3 4 0
4 6 0

#7-24,135725,0.0_6-2, 25192
7
2
2
2
2
2
0
2
6
0 1 0
0 2 0
1 3 0
2 4 0
3 5 0
4 6 0

#7-21,151899,0.0_3-0, 25395
4
2
2
2
1
3
0 1 0
0 2 0
0 3 0

#7-21,151899,0.0_6-2, 26798
7
2
2
2
2
2
2
1
6
0 1 0
0 2 0
1 3 0
2 4 0
3 5 0
4 6 0

#8-267,1886,0.0_9-0, 1402
9
2
1
2
2
2
2
2
0
0
9
0 1 0
0 2 0
0 3 0
1 7 0
1 8 0
2 4 0
3 5 0
4 6 0
5 6 0

#9-242,2207,0.0_5-3, 1539
6
2
2
2
1
2
3
5
0 1 0
0 3 0
1 4 0
2 3 0
2 5 0

#9-241,2214,0.0_3-3, 1481
4
2
0
2
1
3
0 1 0
0 2 0
0 3 0

#9-241,2214,0.0_4-3, 1595
5
2
2
1
0
2
4
0 2 0
0 3 0
1 2 0
1 4 0

#8-226,2412,0.0_3-1, 1524
4
2
1
1
3
3
0 1 0
0 2 0
0 3 0

#8-135,5321,0.0_5-3, 3295
6
2
2
1
1
2
2
5
0 1 0
0 2 0
1 4 0
2 3 0
3 5 0

#8-135,5321,0.0_6-2, 3070
7
2
2
2
2
1
2
1
6
0 1 0
0 2 0
1 3 0
2 4 0
3 5 0
4 6 0

#9-113,6799,0.0_5-6, 4700
6
2
2
2
2
2
1
5
0 1 0
0 2 0
0 3 0
1 4 0
2 5 0

#9-113,6799,0.0_6-9, 4639
7
2
2
2
1
2
2
2
6
0 1 0
0 2 0
0 3 0
1 4 0
2 5 0
3 6 0

#9-113,6799,0.0_6-11, 4942
7
2
2
2
2
2
2
1
6
0 1 0
0 2 0
0 6 0
1 3 0
2 4 0
3 5 0

#9-113,6799,0.0_7-1, 4922
8
2
2
2
2
2
2
2
1
7
0 1 0
0 2 0
1 3 0
2 4 0
3 5 0
4 6 0
5 7 0

#9-113,6799,0.0_7-4, 4735
8
2
2
2
2
1
2
2
2
7
0 1 0
0 4 0
0 5 0
1 2 0
2 3 0
3 6 0
4 7 0

#9-113,6799,0.0_7-6, 4697
8
2
2
2
2
1
2
2
2
7
0 1 0
0 4 0
0 5 0
1 2 0
2 6 0
3 4 0
3 7 0

#9-113,6799,0.0_9-0, 4633
10
2
2
2
2
2
2
2
1
2
2
9
0 1 0
0 2 0
1 3 0
2 5 0
3 7 0
4 6 0
4 7 0
5 8 0
6 9 0

#7-42,19272,0.0_6-0, 9499
7
2
2
2
2
1
2
2
6
0 1 0
0 2 0
1 3 0
2 4 0
3 5 0
4 6 0

#9-271,361,0.0_5-1, 278
6
2
2
1
2
1
3
5
0 2 0
0 4 0
0 5 0
1 2 0
1 3 0

#9-238,484,0.0_10-0, 405
10
3
2
2
2
2
2
2
0
0
1
10
0 1 0
0 7 0
0 8 0
0 9 0
1 2 0
1 3 0
2 4 0
3 5 0
4 6 0
5 6 0

#7-209,701,0.0_8-0, 507
9
3
2
2
2
2
2
0
0
2
8
0 1 0
0 6 0
0 7 0
1 2 0
2 3 0
3 4 0
4 5 0
5 8 0

#9-184,765,0.0_6-1, 559
7
2
2
2
2
3
2
2
6
0 2 0
0 4 0
1 3 0
1 4 0
2 5 0
3 6 0

#9-184,765,0.0_6-4, 563
7
2
2
2
3
2
2
2
6
0 1 0
0 3 0
0 4 0
1 5 0
2 3 0
2 6 0

#9-184,765,0.0_6-5, 590
7
2
2
2
2
3
2
2
6
0 1 0
0 2 0
1 4 0
2 5 0
3 4 0
3 6 0

#9-184,765,0.0_6-6, 568
7
2
2
2
2
2
2
3
6
0 1 0
0 4 0
0 6 0
1 2 0
2 3 0
3 5 0

#9-184,765,0.0_6-8, 577
7
2
2
2
2
2
2
3
6
0 1 0
0 2 0
0 6 0
1 3 0
2 4 0
3 5 0

#9-184,765,0.0_7-0, 563
8
2
2
2
2
2
3
2
2
7
0 1 0
0 2 0
1 3 0
2 4 0
3 5 0
4 6 0
5 7 0

#9-163,857,0.0_6-3, 660
7
2
2
2
1
2
1
3
6
0 3 0
0 5 0
0 6 0
1 2 0
1 3 0
2 4 0

#8-90,1601,0.0_4-2, 1231
5
2
2
1
2
3
4
0 2 0
0 3 0
1 2 0
1 4 0

#10-136,32,2.667922088211819E-7_3-0, 32
4
5
2
2
2
3
0 1 0
0 2 0
0 3 0

#6-38,81,0.0_3-0, 65
4
2
1
2
5
3
0 1 0
0 2 0
1 3 0

#6-38,81,0.0_3-1, 64
4
1
5
0
2
3
0 1 0
0 3 0
1 2 0

#9-36,95,0.0_6-5, 54
7
5
2
2
2
2
2
2
6
0 1 0
0 2 0
0 3 0
1 4 0
2 5 0
3 6 0

#9-36,95,0.0_6-10, 54
7
5
2
2
2
2
2
2
6
0 1 0
0 4 0
0 5 0
1 2 0
2 3 0
3 6 0

#9-36,95,0.0_6-13, 55
7
5
2
2
2
2
2
2
6
0 1 0
0 2 0
0 4 0
1 3 0
2 5 0
3 6 0

#9-36,95,0.0_11-0, 55
11
2
2
2
2
2
2
2
2
2
5
2
11
0 1 0
0 2 0
0 9 0
1 3 0
2 4 0
3 5 0
4 5 0
6 7 0
6 8 0
7 9 0
8 10 0

#9-30,172,0.0_5-3, 138
6
5
0
2
0
2
2
5
0 1 0
0 2 0
0 3 0
1 4 0
2 5 0

#9-30,172,0.0_5-5, 128
6
5
0
2
0
2
2
5
0 1 0
0 3 0
0 4 0
1 2 0
2 5 0

#8-23,210,0.0_5-0, 138
6
5
0
2
0
0
2
5
0 1 0
0 3 0
0 4 0
1 2 0
2 5 0

#8-30,2030,0.0_4-3, 1368
5
2
2
2
2
4
4
0 1 0
0 2 0
0 4 0
1 3 0

#8-30,2030,0.0_6-1, 1370
7
2
2
2
2
2
2
4
6
0 1 0
0 2 0
1 3 0
2 4 0
3 5 0
4 6 0

#8-29,2310,0.0_7-0, 1630
7
2
2
2
2
2
2
4
7
0 1 0
0 2 0
0 6 0
1 3 0
2 4 0
3 5 0
4 5 0

#6-45,650,3.7470027081099033E-14_7-1, 564
7
2
2
2
2
2
2
6
7
0 1 0
0 2 0
0 6 0
1 3 0
2 4 0
3 5 0
4 5 0

#9-34,525,0.0_3-1, 289
4
2
2
0
6
3
0 1 0
0 2 0
1 3 0

#9-31,571,0.0_4-3, 286
5
2
2
1
2
6
4
0 1 0
0 2 0
1 4 0
2 3 0

#10-22,1238,0.0_5-1, 595
6
2
2
2
6
6
6
5
0 1 0
0 3 0
0 4 0
0 5 0
1 2 0

#8-21,1256,0.0_6-1, 981
7
2
2
2
2
2
2
6
6
0 1 0
0 2 0
1 3 0
2 4 0
3 5 0
4 6 0

#8-0,7,0.008810117150191754_3-0, 7
4
8
2
2
4
3
0 1 0
0 2 0
0 3 0

#8-64,40,6.157566487479116E-4_6-0, 30
6
2
2
2
2
3
13
6
0 1 0
0 4 0
0 5 0
1 2 0
2 3 0
3 4 0

#8-64,40,6.157566487479116E-4_6-2, 30
7
2
2
2
3
2
2
13
6
0 1 0
0 3 0
0 6 0
1 4 0
2 3 0
2 5 0

#9-22,509,0.0_3-0, 365
4
2
2
2
13
3
0 1 0
0 2 0
0 3 0

#9-22,509,0.0_6-0, 381
7
2
2
2
2
2
2
13
6
0 1 0
0 2 0
1 3 0
2 4 0
3 5 0
4 6 0

#9-20,663,0.0_7-1, 525
7
2
2
2
2
2
2
13
7
0 1 0
0 2 0
0 6 0
1 3 0
2 4 0
3 5 0
4 5 0

#10-23,9,5.227662050140793E-4_4-4, 6
5
0
2
2
2
16
4
0 1 0
0 3 0
1 2 0
2 4 0

#10-23,9,5.227662050140793E-4_6-1, 6
7
2
2
2
2
16
0
2
6
0 2 0
0 4 0
1 3 0
1 4 0
2 5 0
3 6 0

#8-8,45,3.090234175617823E-5_8-1, 29
9
2
2
2
2
2
16
2
2
2
8
0 1 0
0 2 0
0 5 0
1 3 0
2 6 0
3 7 0
4 5 0
4 8 0

#8-8,45,3.090234175617823E-5_9-0, 30
10
2
2
2
2
2
2
16
2
2
2
9
0 6 0
0 7 0
0 8 0
1 2 0
1 3 0
2 4 0
3 5 0
4 6 0
5 9 0

#8-8,45,3.090234175617823E-5_9-1, 28
10
2
2
2
2
2
16
2
2
2
2
9
0 2 0
0 5 0
0 6 0
1 5 0
1 7 0
1 8 0
2 3 0
3 4 0
4 9 0

#8-2,10,3.056344172808768E-6_10-0, 7
9
2
2
2
2
2
2
1
1
16
10
0 1 0
0 2 0
0 6 0
1 3 0
1 7 0
2 4 0
3 5 0
4 5 0
6 8 0
7 8 0

#8-10,181,1.2940984584486337E-6_6-1, 145
7
2
2
2
2
2
2
20
6
0 1 0
0 2 0
1 3 0
2 4 0
3 5 0
4 6 0

#8-10,181,1.2940984584486337E-6_6-3, 129
7
2
2
2
2
2
2
20
6
0 1 0
0 4 0
0 6 0
1 2 0
2 3 0
3 5 0

#8-10,181,1.2940984584486337E-6_6-6, 130
7
2
2
2
2
2
2
20
6
0 1 0
0 2 0
0 6 0
1 3 0
2 4 0
3 5 0

#9-67,40,0.0017737114089254602_5-0, 35
6
21
2
2
2
2
2
5
0 1 0
0 2 0
0 3 0
0 4 0
1 5 0

#7-6,66,0.0_6-7, 47
7
0
2
2
2
2
2
21
6
0 1 0
0 6 0
1 2 0
2 3 0
3 4 0
4 5 0

#7-6,66,0.0_8-3, 47
9
21
2
0
2
2
2
2
2
2
8
0 1 0
0 2 0
0 4 0
0 5 0
1 6 0
1 7 0
2 3 0
3 8 0

#7-6,66,0.0_9-0, 47
10
2
21
0
2
2
2
2
2
2
2
9
0 1 0
0 6 0
0 7 0
1 2 0
1 8 0
2 3 0
3 4 0
4 5 0
5 9 0

#7-2,132,0.0_8-7, 91
9
21
0
2
2
2
2
2
2
2
8
0 1 0
0 5 0
0 6 0
0 7 0
1 2 0
2 3 0
3 4 0
4 8 0

#7-2,132,0.0_9-1, 90
10
21
2
0
2
2
2
2
2
2
2
9
0 1 0
0 2 0
0 5 0
0 6 0
1 7 0
1 8 0
2 3 0
3 4 0
4 9 0

#7-2,132,0.0_10-0, 92
11
2
21
0
2
2
2
2
2
2
2
2
10
0 1 0
0 7 0
0 8 0
1 2 0
1 9 0
2 3 0
3 4 0
4 5 0
5 6 0
6 10 0

#8-0,32,2.791396387104012E-8_6-0, 29
7
25
2
2
0
0
0
2
6
0 1 0
0 3 0
0 4 0
0 5 0
1 2 0
2 6 0

#8-8,12,0.003761207596048016_7-0, 7
8
26
2
2
2
2
0
0
2
7
0 1 0
0 5 0
0 6 0
1 2 0
2 3 0
3 4 0
4 7 0

