#7-53,12,0.048977609427278294_7-0, 8
8
3
5
5
5
5
2
2
5
7
0 1 0
0 5 0
0 6 0
1 2 0
2 3 0
3 4 0
4 7 0

#8-15,47,2.647771066960347E-5_7-0, 31
7
5
5
5
5
5
5
3
7
0 1 0
0 2 0
0 6 0
1 3 0
2 4 0
3 5 0
4 5 0

#7-36,11,1.3413013769241093E-4_8-0, 3
9
1
2
2
2
5
2
5
5
5
8
0 1 0
0 2 0
0 3 0
0 5 0
1 4 0
2 6 0
3 7 0
4 8 0

#8-7,55,6.420864814837834E-7_6-0, 32
7
5
5
5
5
5
2
5
6
0 1 0
0 2 0
1 3 0
2 4 0
3 5 0
4 6 0

#8-4,11,6.1639564994494336E-9_10-0, 5
10
7
5
5
5
5
5
5
2
2
2
10
0 1 0
0 7 0
0 8 0
0 9 0
1 2 0
1 3 0
2 4 0
3 5 0
4 6 0
5 6 0

#7-0,29,2.307083394853104E-14_4-4, 11
5
3
5
2
2
5
4
0 1 0
0 2 0
0 3 0
1 4 0

#7-0,29,2.307083394853104E-14_8-0, 11
8
5
3
5
5
5
5
5
2
8
0 1 0
0 2 0
0 3 0
1 7 0
2 4 0
3 5 0
4 6 0
5 6 0

#9-2,4,0.058106679914068426_12-4, 3
12
7
5
5
2
5
5
5
5
3
2
2
4
12
0 1 0
0 3 0
0 9 0
0 10 0
1 2 0
1 4 0
2 5 0
2 8 0
3 11 0
4 6 0
5 7 0
6 7 0

#9-2,4,0.058106679914068426_12-29, 3
12
7
5
5
2
5
5
5
5
3
2
2
4
12
0 1 0
0 3 0
0 9 0
0 10 0
1 4 0
1 5 0
2 4 0
2 6 0
2 8 0
3 11 0
5 7 0
6 7 0

#9-2,4,0.058106679914068426_12-217, 3
13
7
5
2
5
5
5
5
5
3
3
2
2
4
12
0 2 0
0 3 0
0 10 0
0 11 0
1 4 0
1 5 0
1 8 0
2 12 0
3 4 0
5 6 0
6 7 0
7 9 0

#9-2,4,0.058106679914068426_12-307, 3
13
7
5
5
2
5
5
5
3
3
2
2
4
5
12
0 3 0
0 4 0
0 9 0
0 10 0
1 4 0
1 5 0
1 7 0
2 6 0
2 8 0
2 12 0
3 11 0
5 6 0

#9-2,4,0.058106679914068426_12-383, 3
13
7
5
5
2
5
5
5
3
3
2
2
4
5
12
0 1 0
0 3 0
0 9 0
0 10 0
1 2 0
1 12 0
2 4 0
2 7 0
3 11 0
4 5 0
5 6 0
6 8 0

#8-35,8,6.331609225316261E-8_11-1, 4
11
7
5
2
5
5
5
5
5
2
2
4
11
0 1 0
0 2 0
0 8 0
0 9 0
1 3 0
1 4 0
2 10 0
3 5 0
4 6 0
5 7 0
6 7 0

#8-35,8,6.331609225316261E-8_11-2, 4
11
7
5
5
5
5
5
5
2
2
2
5
11
0 1 0
0 7 0
0 8 0
0 9 0
1 3 0
1 4 0
2 5 0
2 6 0
2 10 0
3 5 0
4 6 0

#8-35,8,6.331609225316261E-8_11-4, 4
12
7
5
5
2
5
5
3
2
2
4
5
5
11
0 1 0
0 3 0
0 7 0
0 8 0
1 4 0
1 5 0
2 4 0
2 6 0
2 10 0
3 9 0
5 11 0

#8-35,8,6.331609225316261E-8_11-11, 4
12
7
5
5
2
5
5
3
2
2
4
5
5
11
0 1 0
0 3 0
0 7 0
0 8 0
1 4 0
1 10 0
2 4 0
2 5 0
2 6 0
3 9 0
5 11 0

#8-35,8,6.331609225316261E-8_11-12, 4
12
7
5
2
5
5
5
5
3
2
2
4
5
11
0 2 0
0 3 0
0 8 0
0 9 0
1 4 0
1 7 0
1 11 0
2 10 0
3 5 0
4 6 0
5 6 0

#8-35,8,6.331609225316261E-8_11-13, 4
12
7
5
2
5
5
5
5
3
2
2
4
5
11
0 2 0
0 3 0
0 8 0
0 9 0
1 4 0
1 5 0
1 7 0
2 10 0
3 4 0
5 6 0
6 11 0

#8-35,8,6.331609225316261E-8_11-21, 4
12
7
5
2
5
5
5
5
3
2
2
4
5
11
0 1 0
0 2 0
0 8 0
0 9 0
1 3 0
1 11 0
2 10 0
3 4 0
4 5 0
5 6 0
6 7 0

#8-35,8,6.331609225316261E-8_11-23, 4
12
7
5
2
5
5
5
5
3
2
2
4
5
11
0 1 0
0 2 0
0 8 0
0 9 0
1 3 0
1 4 0
2 10 0
3 5 0
4 6 0
5 7 0
6 11 0

#8-31,14,3.3158381716372646E-8_8-0, 5
8
5
3
5
5
5
5
5
3
8
0 1 0
0 2 0
0 3 0
1 7 0
2 4 0
3 5 0
4 6 0
5 6 0

#8-31,14,3.3158381716372646E-8_8-1, 5
9
3
3
5
5
5
5
5
5
5
8
0 1 0
0 2 0
1 7 0
2 3 0
3 4 0
4 5 0
5 6 0
6 8 0

#8-1,43,0.004138076486073117_3-0, 14
4
5
5
5
6
3
0 1 0
0 2 0
1 3 0

#8-10,5,0.0076753491321818225_16-8, 3
16
7
5
5
2
5
5
5
5
5
5
5
5
3
2
2
4
16
0 1 0
0 3 0
0 13 0
0 14 0
1 4 0
1 5 0
2 4 0
2 6 0
2 12 0
3 15 0
5 7 0
6 8 0
7 9 0
8 10 0
9 11 0
10 11 0

#8-10,5,0.0076753491321818225_17-0, 3
16
7
5
5
5
5
2
5
5
5
5
5
5
3
2
2
4
17
0 1 0
0 5 0
0 13 0
0 14 0
1 6 0
1 7 0
2 3 0
2 4 0
2 8 0
3 6 0
3 9 0
4 10 0
4 12 0
5 15 0
7 8 0
9 11 0
10 11 0

#8-10,5,0.0076753491321818225_18-0, 3
19
7
7
5
5
2
2
5
5
5
5
5
2
2
2
2
4
4
5
5
18
0 2 0
0 4 0
0 11 0
0 12 0
1 5 0
1 6 0
1 13 0
1 14 0
2 7 0
2 17 0
3 7 0
3 8 0
3 9 0
4 15 0
5 16 0
6 8 0
9 10 0
10 18 0

#8-0,5,3.680347367982037E-4_4-1, 4
5
3
5
5
5
7
4
0 1 0
0 2 0
1 3 0
2 4 0

#8-0,5,3.680347367982037E-4_5-0, 4
6
5
3
3
5
5
7
5
0 1 0
0 2 0
0 5 0
1 3 0
2 4 0

#7-1,30,0.01927747442991229_3-0, 8
4
5
5
5
8
3
0 1 0
0 2 0
1 3 0

#7-1,30,0.01927747442991229_3-1, 8
4
5
5
8
8
3
0 1 0
0 2 0
1 3 0

