#8-382,20,2.3640667910686326E-4_4-1, 15
5
1
2
5
1
1
4
0 1 0
0 2 0
1 3 0
2 4 0

#8-382,20,2.3640667910686326E-4_4-2, 14
5
1
1
2
1
5
4
0 2 0
0 3 0
1 2 0
1 4 0

#8-358,15,4.38174490980188E-5_7-2, 4
8
1
1
1
1
1
1
0
9
7
0 1 0
0 2 0
0 7 0
1 3 0
2 4 0
3 5 0
4 6 0

#8-358,15,4.38174490980188E-5_7-12, 4
8
1
1
1
1
1
1
0
9
7
0 1 0
0 2 0
1 3 0
2 4 0
3 5 0
4 6 0
5 7 0

#8-358,15,4.38174490980188E-5_9-1, 4
10
1
1
1
1
1
1
1
0
0
9
9
0 1 0
0 7 0
0 8 0
1 2 0
2 3 0
3 4 0
4 5 0
5 6 0
6 9 0

#6-230,28,1.0283142376766151E-10_5-1, 19
6
1
1
1
2
1
2
5
0 1 0
0 2 0
1 3 0
2 4 0
3 5 0

#6-230,28,1.0283142376766151E-10_5-2, 22
6
1
1
2
2
1
1
5
0 1 0
0 2 0
1 4 0
2 3 0
3 5 0

#7-159,72,1.609823385706477E-15_3-0, 20
4
1
1
1
6
3
0 1 0
0 2 0
0 3 0

#7-159,72,1.609823385706477E-15_6-0, 20
7
1
1
1
1
1
1
6
6
0 1 0
0 2 0
1 3 0
2 4 0
3 5 0
4 6 0

#6-139,61,9.376913117686196E-20_3-0, 35
4
1
3
3
3
3
0 1 0
0 2 0
0 3 0

#8-91,17,3.526692428460927E-40_5-0, 10
6
13
0
0
1
1
0
5
0 1 0
0 2 0
0 5 0
1 3 0
2 4 0

#8-68,117,0.0_7-2, 58
8
1
1
1
1
2
1
1
0
7
0 1 0
0 2 0
0 4 0
1 3 0
2 5 0
3 6 0
4 7 0

#8-68,117,0.0_7-3, 58
8
1
1
1
1
2
1
1
0
7
0 1 0
0 4 0
0 5 0
1 2 0
2 3 0
3 6 0
4 7 0

#8-68,117,0.0_7-4, 61
8
1
1
1
1
1
2
1
0
7
0 1 0
0 2 0
1 3 0
2 4 0
3 5 0
4 6 0
5 7 0

#7-21,217,5.071642550369404E-10_7-0, 124
7
1
1
1
1
1
1
4
7
0 1 0
0 2 0
0 6 0
1 3 0
2 4 0
3 5 0
4 5 0

#8-20,48,3.0448316057849727E-10_3-0, 30
4
1
1
4
2
3
0 1 0
0 2 0
1 3 0

#7-2,10,5.716763227053694E-19_3-3, 5
4
16
1
4
4
3
0 1 0
0 2 0
0 3 0

#7-2,10,5.716763227053694E-19_5-0, 5
6
1
1
1
16
1
4
5
0 1 0
0 2 0
1 3 0
2 4 0
3 5 0

#9-527,24,0.08395618430657059_3-0, 12
4
5
0
0
0
3
0 1 0
0 2 0
0 3 0

#8-326,9,4.639769589395157E-5_8-0, 8
9
1
1
1
1
1
2
2
1
0
8
0 1 0
0 2 0
1 3 0
2 5 0
3 7 0
4 6 0
4 8 0
5 6 0

#9-310,5,1.7041469696377913E-5_8-0, 3
9
13
1
1
1
1
0
0
0
0
8
0 1 0
0 2 0
0 3 0
0 4 0
1 5 0
2 6 0
3 7 0
4 8 0

#6-51,141,5.159296405602351E-90_3-0, 64
4
5
1
0
0
3
0 1 0
0 2 0
0 3 0

#8-41,95,0.0_6-1, 67
7
1
1
1
1
1
1
0
6
0 1 0
0 4 0
0 5 0
1 2 0
2 3 0
3 6 0

#8-41,95,0.0_7-0, 75
7
1
1
1
1
1
1
0
7
0 1 0
0 2 0
0 6 0
1 3 0
2 4 0
3 5 0
4 5 0

#8-41,95,0.0_9-2, 68
10
1
1
1
1
1
1
1
1
1
0
9
0 1 0
0 2 0
1 3 0
2 4 0
3 5 0
4 6 0
5 7 0
6 8 0
7 9 0

#8-41,95,0.0_9-3, 71
10
1
1
1
1
1
1
1
1
1
0
9
0 1 0
0 2 0
0 9 0
1 3 0
2 7 0
3 4 0
4 5 0
5 6 0
6 8 0

#7-36,188,0.0_7-0, 81
8
2
1
1
1
1
1
0
0
7
0 1 0
0 6 0
0 7 0
1 2 0
2 3 0
3 4 0
4 5 0

#9-21,574,0.0_6-0, 320
7
1
1
1
1
1
1
0
6
0 1 0
0 2 0
1 3 0
2 4 0
3 5 0
4 6 0

#8-41,384,2.0755619445367302E-13_6-1, 237
7
1
1
1
1
1
1
2
6
0 1 0
0 4 0
0 6 0
1 2 0
2 3 0
3 5 0

#8-41,384,2.0755619445367302E-13_6-2, 273
7
1
1
1
1
1
1
2
6
0 1 0
0 2 0
1 3 0
2 4 0
3 5 0
4 6 0

#8-22,66,0.0_9-0, 50
9
1
2
1
1
1
1
1
0
0
9
0 1 0
0 2 0
0 3 0
1 7 0
1 8 0
2 4 0
3 5 0
4 6 0
5 6 0

#6-10,698,0.0_4-2, 346
5
1
1
2
1
1
4
0 1 0
0 2 0
1 3 0
2 4 0

#6-10,698,0.0_5-0, 359
6
1
1
1
1
1
2
5
0 1 0
0 2 0
1 3 0
2 4 0
3 5 0

#9-23,8,0.0011289897006097286_10-10, 5
11
1
1
1
1
1
1
2
2
1
1
3
10
0 1 0
0 2 0
0 10 0
1 3 0
2 6 0
3 8 0
4 6 0
4 7 0
5 7 0
5 9 0

#10-22,14,9.620015163049468E-4_4-0, 5
5
11
3
3
3
3
4
0 1 0
0 2 0
0 3 0
0 4 0

#8-7,140,1.8576171809669972E-6_6-1, 43
7
1
1
1
1
1
1
3
6
0 1 0
0 2 0
1 3 0
2 4 0
3 5 0
4 6 0

#9-5,24,1.781936726709464E-7_6-0, 7
7
13
3
3
3
3
3
3
6
0 1 0
0 2 0
0 3 0
0 4 0
0 5 0
0 6 0

#8-40,28,9.332398318110201E-6_5-0, 23
6
1
1
1
5
1
1
5
0 1 0
0 3 0
1 4 0
2 3 0
2 5 0

#8-40,28,9.332398318110201E-6_5-1, 22
6
1
1
1
5
1
1
5
0 1 0
0 2 0
1 3 0
2 4 0
3 5 0

#8-40,28,9.332398318110201E-6_5-4, 21
6
1
1
1
1
1
5
5
0 1 0
0 3 0
0 5 0
1 2 0
2 4 0

#8-40,28,9.332398318110201E-6_5-5, 22
6
1
1
5
1
1
1
5
0 1 0
0 2 0
0 3 0
1 4 0
2 5 0

#8-40,28,9.332398318110201E-6_6-0, 22
7
1
1
1
1
1
1
5
6
0 1 0
0 2 0
1 3 0
2 4 0
3 5 0
4 6 0

#7-39,33,8.543891355920244E-6_3-0, 23
4
1
2
1
5
3
0 1 0
0 3 0
1 2 0

#9-24,4,6.935456345308258E-9_6-0, 4
7
1
5
0
0
3
3
3
6
0 1 0
0 4 0
0 5 0
0 6 0
1 2 0
1 3 0

#8-21,5,1.1732849723564886E-9_7-14, 4
8
13
1
1
0
0
1
1
5
7
0 3 0
0 4 0
0 7 0
1 3 0
1 5 0
2 4 0
2 6 0

#8-21,5,1.1732849723564886E-9_10-1, 4
11
13
1
1
0
0
2
5
1
1
0
5
10
0 3 0
0 4 0
0 6 0
0 10 0
1 5 0
1 6 0
2 5 0
2 9 0
3 7 0
4 8 0

#8-21,5,1.1732849723564886E-9_14-0, 4
15
13
1
1
1
1
1
1
0
0
2
5
1
1
1
5
14
0 7 0
0 8 0
0 10 0
0 14 0
1 2 0
1 3 0
2 4 0
3 5 0
4 9 0
5 11 0
6 9 0
6 10 0
7 12 0
8 13 0

#8-5,7,0.031798643411077146_8-0, 7
9
1
1
1
1
1
1
16
1
1
8
0 2 0
0 4 0
1 3 0
1 5 0
2 6 0
3 6 0
4 7 0
5 8 0

#8-0,6,7.27141042244884E-9_6-0, 6
7
13
0
0
5
1
1
1
6
0 1 0
0 2 0
0 3 0
1 4 0
2 5 0
3 6 0

