#9-104,4,0.03805230543675031_4-0, 3
5
5
5
3
2
5
4
0 1 0
0 2 0
0 3 0
1 4 0

#9-70,5,0.005952533744604832_3-3, 3
4
5
5
3
6
3
0 1 0
0 2 0
1 3 0

#9-70,5,0.005952533744604832_7-3, 3
8
5
5
5
5
5
5
3
6
7
0 1 0
0 2 0
1 3 0
2 4 0
3 5 0
4 6 0
5 7 0

#7-6,153,0.0_4-0, 70
5
5
5
5
2
5
4
0 1 0
0 2 0
1 3 0
2 4 0

#9-0,4,0.09792663381486082_11-1, 4
11
7
5
2
5
5
5
5
5
2
2
4
11
0 1 0
0 2 0
0 8 0
0 9 0
1 3 0
1 4 0
2 10 0
3 5 0
4 6 0
5 7 0
6 7 0

#9-0,4,0.09792663381486082_11-21, 3
12
7
5
2
5
5
5
5
3
2
2
4
5
11
0 2 0
0 3 0
0 8 0
0 9 0
1 4 0
1 7 0
1 11 0
2 10 0
3 5 0
4 6 0
5 6 0

#9-0,4,0.09792663381486082_11-36, 3
12
7
5
2
5
5
5
5
3
2
2
4
5
11
0 1 0
0 2 0
0 8 0
0 9 0
1 3 0
1 11 0
2 10 0
3 4 0
4 5 0
5 6 0
6 7 0

#9-0,4,0.09792663381486082_14-0, 3
15
7
2
5
5
5
5
5
5
5
5
5
2
2
4
5
14
0 1 0
0 2 0
0 11 0
0 12 0
1 13 0
2 3 0
3 4 0
4 5 0
5 6 0
6 7 0
7 8 0
8 9 0
9 10 0
10 14 0

#9-0,4,0.09792663381486082_14-1, 3
15
7
5
2
5
5
5
5
5
5
5
2
2
4
5
5
14
0 1 0
0 2 0
0 10 0
0 11 0
1 3 0
1 4 0
2 12 0
3 5 0
4 13 0
5 6 0
6 7 0
7 8 0
8 9 0
9 14 0

#9-0,4,0.09792663381486082_14-2, 3
15
7
5
2
5
5
5
5
5
5
5
2
2
4
5
5
14
0 2 0
0 3 0
0 10 0
0 11 0
1 4 0
1 5 0
1 13 0
2 12 0
3 6 0
4 7 0
5 8 0
6 7 0
8 9 0
9 14 0

#9-0,4,0.09792663381486082_14-3, 3
15
7
5
2
5
5
5
5
5
5
5
2
2
4
5
5
14
0 1 0
0 2 0
0 10 0
0 11 0
1 3 0
1 13 0
2 12 0
3 4 0
4 5 0
5 6 0
6 7 0
7 8 0
8 9 0
9 14 0

#9-0,4,0.09792663381486082_14-4, 3
15
7
5
2
5
5
5
5
5
5
5
2
2
4
5
5
14
0 1 0
0 2 0
0 10 0
0 11 0
1 3 0
1 4 0
2 12 0
3 5 0
4 6 0
5 7 0
6 8 0
7 9 0
8 13 0
9 14 0

#9-0,4,0.09792663381486082_14-5, 3
15
7
5
2
5
5
5
5
5
5
5
2
2
4
5
5
14
0 1 0
0 2 0
0 10 0
0 11 0
1 3 0
1 4 0
2 12 0
3 5 0
4 8 0
5 6 0
6 7 0
7 9 0
8 13 0
9 14 0

#10-308,604,0.08217389200936848_3-0, 178
4
5
5
5
5
3
0 1 0
0 2 0
1 3 0

#7-57,31,5.144402858153675E-11_9-0, 18
9
3
5
5
5
5
5
5
2
2
9
0 1 0
0 7 0
0 8 0
1 2 0
1 3 0
2 4 0
3 5 0
4 6 0
5 6 0

#8-3,16,3.9340121058303644E-40_4-0, 10
5
1
2
2
5
5
4
0 1 0
0 2 0
1 3 0
2 4 0

#8-12,87,6.723719073768453E-4_5-1, 38
6
5
5
5
5
5
6
5
0 1 0
0 2 0
0 5 0
1 3 0
2 4 0

#8-12,87,6.723719073768453E-4_6-1, 42
7
5
5
5
5
5
5
6
6
0 1 0
0 2 0
1 3 0
2 4 0
3 5 0
4 6 0

#8-12,87,6.723719073768453E-4_6-2, 38
7
5
5
5
5
5
5
6
6
0 1 0
0 4 0
0 6 0
1 2 0
2 3 0
3 5 0

#8-52,9,0.023761643391012582_9-0, 6
9
5
7
5
5
5
5
5
2
2
9
0 1 0
0 2 0
0 3 0
1 7 0
1 8 0
2 4 0
3 5 0
4 6 0
5 6 0

#7-24,16,2.0225598987169224E-4_3-0, 6
4
3
5
5
7
3
0 1 0
0 2 0
1 3 0

#8-4,4,1.1324362904374763E-7_5-0, 4
6
1
2
2
5
5
7
5
0 1 0
0 2 0
0 5 0
1 3 0
2 4 0

