0000000000000000000000000000000000000000000000000000
0100000000000100000010000000000000000000000010000011
1111000000000101111011100101000000000000000110001111
1111000000000111111111110101100000000000001110001111
1100000000000100000010000001000000000000000010000011
1111111000000111111111110111100000110010111110001111
1111000000000111111111110101100000000000001110001111
1101000000000111111111110101100000000000001010001111
1111010101000111111111111101100000000010001110001111
1111000000000111111111110101100000000000001110001111
1111000000000101111011110101100000000000001110001111
1111000000000101111011001101000000000000000110001111
1111100000000111111111111111100000110000001110001111
1111000000000111111111110101100000000000001110001111
1111000000000101111011110101100000000000001110001111
0101000000000101010010000100000000000000000010001011
1101000000000101000010000001000000000000000010001011
0100000000000100000010000000000000000000000010000011
1111000000000111111111110101100000000000001110001111
1101000000000101100011000001000000000000000010001111
1101000000000101100011000001000000000000000010001111
1101000000000101100011000001000000000000000010001111
1111101000000111111111111111100000101100101110001111
1101000000000101110011010101100000000000001010001111
0101000000000101010010000100000000000000000010001011
1111000000000101111011110101100000000000001110001111
0100000000000100000010000000000000000000000010000011
1111000000000111111111110101100000000000001110001111
1101000000000101000010000001000000000000000010001011
1101000000000101100011010001000000000000000010001111
1111000000000101110011010101100000000000001010001111
1100000000000100000010000001000000000000000010000011
1111000000000111111111110101100000000000001110001111
1111000000000111111111110101100000000000001110001111
1111000000000111111111110101100000000000001110001111
1101000000000101110011010101100000000000001010001111
1111100000000111111111111111100000110000001110001111
1111100000000111111111110111101000100001011110001111
1101000000000111111111110101100000000000001010001111
1111000000000111111111110101100000000000001110001111
0000000000000000000000000000000000000000000000000000
1101000000000101100011000001000000000000000010001111
1111100000000111111111110111101000110100001110001111
1111000000000111111111110111100000010000001110001111
1111000000000111111111110101100000000000001110001111
1111000000000111111111110101100000000000001110001111
1111000000000111111111110101100000000000001110001111
1100000000000100000010000001000000000000000010000011
1101000000000101100011000001000000000000000010001111
1111000000000101111011100101000000000000000110001111
1111000000000101111011100101000000000000000110001111
1111000000000111111111110111100000010000001110001111
1111111111101111111111111111111111111111111110101111
1101000000000101110011010101100000000000001010001111
1111111101100111111111111111111011110111101110001111
1111010000000101111011110101100000000010001110001111
1100000000000100000010000001000000000000000010000011
1101000000000111111111110101100000000000001010001111
1111000000000111111111110101100000000000001110001111
1111000000000111111111110101100000000000001110001111
1111000000000101111011110101100000000000001110001111
1111000000000101111011110101100000000000001010001111
1111111111111111111111110111111101101111111110001111
1111000000000111111111110101100000000000001010001111
0101000000000101000010000000000000000000000010001011
1111000000000101111011110101100000000000001110001111
1100000000000100000010000001000000000000000010000011
1111000000000101111011110101100000000000001110001111
1111000000000101111011100101000000000000000110001111
1111100000000111111111111111100000100000001110001111
0100000000000100000010000000000000000000000010000011
1111000000000111111111110101100000000000001010001111
0101000000000101010010000100000000000000000010001011
1111000000000101111011110101100000000000001110001111
1111000000000111111111110101100000000000001110001111
1111000000000111111111110101100000000000001110001111
0000000000000000000000000000000000000000000000000000
1111000000000111111111110101100000000000001110001111
1101000000000101100011000001000000000000000010001111
1111000000000111111111110101100000000000001110001111
1100000000000100000010000001000000000000000010000011
1111111011101111111111110111111011101010111110001111
1111010101000111111111110101100100000011001110001111
1111000000000111111111110101100000000000001110001111
0101000000000101000010000000000000000000000010001011
1101000000000111111111110101100000000000001010001111
1111000000000101111011110101100000000000001110001111
1111000000000111111111110101100000000000001110001111
1111000000000101111011100101000000000000000110001111
1111000000000111111111110101100000000000001110001111
0000000000000000000000000000000000000000000000000000
1111000000000111111111110101100000000000001010001111
1111000000000111111111111101100000001000001010001111
1101000000000101001010000001000000000000000010001011
1101000000000101110011000101000000000000000010001111
1111100100000111111111110111100000110000001110001111
0000000000000000000000000000000000000000000000000000
1111111111111111111111110111111111111111111110111111
1111000000000101111011110101100000000000001110001111
1111000000000101111011111101100000000001001110001111
1111000000000111111111110111100000010000001110001111
0000000000000000000000000000000000000000000000000000
1101000000000101101011000001000000000000000010001111
1111101100100111111111110111100000110000101110001111
1111000000000111111111110101100000000000001110001111
1100000000000100000010000001000000000000000010000011
1111000000000101111011100101000000000000000110001111
1111000000000101111011100101000000000000000010001111
1111000000000111111111110101100000000000001110001111
1100000000000100000010000001000000000000000010000011
1111000000000111111111110101100000000000001010001111
1111000000000101111011110101100000000000001110001111
1111000000000111111111110101100100000001001110001111
1101000000000101000010000001000000000000000010001011
1111010000000101111011111101100000000010001110001111
1111000000000101111011110101100000000000001010001111
1111000000000111111111110101100000000000001010001111
1111000000000101111011100101000000000000000010001111
1111000000000111111111110101100000000000001110001111
1111000000000111111111110101100000000000001110001111
1100000000000100000010000001000000000000000010000011
1111000000000111111111110101100000000000001010001111
1111000000000111111111110101100000000000001110001111
1111000000000101111011100101000000000000000010001111
1111100000000111111111110111100000110000001110001111
1101000000000101111011010101000000000000000010001111
1111000000000101011010100101000000000000000110001011
0000000000000000000000000000000000000000000000000000
1111000000000111111111110101100000000000001110001111
1101000000000101111011010101000000000000000010001111
0100000000000100000010000000000000000000000010000011
1111000000000111111111110101100000000000001110001111
1111000000000111111111110101100000000000001110001111
1101000000000101111011000101000000000000000010001111
1101000000000101111011110101100000000000001010001111
1111111111111111111111110111111101111111111110101111
1111000000000111111111110101100000000000001110001111
1111000000000101111011110101100000000000001110001111
1111000000000111111111110101100000000000001110001111
1111000000000101111011110101100000000000001110001111
1111010000000101111011111101100110000011001110001111
0000000000000000000000000000000000000000000000000000
1101000000000101111011010101000000000000000010001111
1111000000000111111111110101100000000000001110001111
1111111111111111111111110111111101111111111110101111
1111000000000101111011110101100000000000001110001111
1111101110111111111111110111111101111101111110001111
1101000000000101111011010101000000000000000010001111
1111000000000111111111110101100000000000001010001111
1111000000000101111011110101100000000000001110001111
1111000000000111111111110101100000000000001110001111
1101000000000101100011010001000000000000000010001111
1111000000000101111011110101100000000000001110001111
1111000000000101111011110101100000000000001110001111
1111000000000111111111110101100000000000001110001111
1111000000000111111111110101100000000000001110001111
1101000000000101100011000001000000000000000010001111
1111000000000101111011110101100000000000001110001111
1111001000000111111111111101100000001100101110001111
1100000000000100000010000001000000000000000010000011
1111000000000101111011101101000000000000000010001111
1111000000000101111011110101100000000000001110001111
1111001000000111111111111101100001000101101110001111
1111100000000111111111110111100000110000001110001111
1101000000000111111111110101100000000000001010001111
1111000000000111111111110101100000000000001110001111
1111000000000101111011111101100000000000001110001111
1111100000000111111111110111100000110000001110001111
1111000000000111111111110111100000010000001110001111
1111010000000111111111111101100110000011001110001111
1111000000000101111011110101100000000000001110001111
1111011101100101111011101101000000000010100110001111
1101000000000101111011101101000000000000000010001111
1101000000000101100011000001000000000000000010001111
1101000000000101101011010001000000000000000010001111
1111111111100111111111111111111111110111101110001111
1111000000000111111111110101100000000000001110001111
1101000000000101110011010101100000000000001010001111
1111000000000101111011110101100000000000001010001111
1111000000000111111111110101100000000000001110001111
1111000000000101111011110101100000000000001110001111
1111000000000111111111110101100000000000001110001111
1111100000000111111111110111100000110000001110001111
1111000000000111111111110101100000000000001110001111
1111000000000111111111110101100000000000001110001111
1101000000000101111011010101000000000000000010001111
1101000000000101110011010101100000000000001010001111
1111000000000111111111110101100000000000001110001111
1101000000000101101011010001000000000000000010001111
1111000000000101111011110101100000000000001110001111
1101000000000101111011101101000000000000000010001111
1111101000000111111111111111100000101100101110001111
1101000000000101111011110101000000000000000010001111
1111000000000111111111110101100000000000001110001111
1111000000000111111111110101100000000000001110001111
1111000000000111111111110101100000000000001110001111
1111000000000101111011101101000000000001000110001111
1111000000000111111111110111100000000000001110001111
1101000000000101111011000101000000000000000010001111
1111000000000101111011110101100000000000001110001111
1111000000000111111111110101100000000000001110001111
1111100000000111111111111111100000100000001010001111
1111000000000111111111110101100000000000001110001111
1111101000000111111111111111100000101100101110001111
1111100000000111111111110111100000110000001110001111
1100000000000100000010000001000000000000000010000011
1111000000000111111111110101100000000000001110001111
1111000000000101111011101101000000000001000110001111
1111000000000111111111110101100000000000001110001111
1101000000000101100011000001000000000000000010001111
1111000000000111111111110101100000000000001110001111
0000000000000000000000000000000000000000000000000000
1111000000000101111011101101000000000000000110001111
1111000000000111111111110101100000000000001110001111
1111100000000111111111111111100000100000001110001111
1101000000000101110011010101000000000000000010001111
1111000000000111111111110101100000000000001110001111
1100000000000100000010000001000000000000000010000011
1111000000000111111111110101100000000000001110001111
0100000000000100000010000000000000000000000010000011
1101000000000101100011010001000000000000000010001111
1111000000000111111111110101100000000000001110001111
1101000000000101001010000001000000000000000010001011
1111000000000101111011101101000000000001000110001111
1101000000000101111011100101000000000000000010001111
1111000000000111111111110101100000000000001110001111
1111010000000111111111111101100010000010001110001111
1111000000000101111011100101000000000000000110001111
1100000000000100000010000001000000000000000010000011
0000000000000000000000000000000000000000000000000000
1101000000000101110011010101100000000000001010001111
0100000000000100000010000000000000000000000010000011
1101000000000101111011010101000000000000000010001111
1111000000000101111011100101000000000000000010001111
0101000000000101000010000000000000000000000010001011
1101000000000101110011000101000000000000000010001111
1111000000000101111011110101100000000000001110001111
1101000000000101100011000001000000000000000010001111
0101000000000101000010000000000000000000000010001011
1111000000000111111111110101100000000000001110001111
1111000000000111111111110101100000000000001110001111
1101000000000101111011110101100000000000001010001111
1111000000000101111011110101100000000000001010001111
1111000000000111111111110101100000000000001110001111
1101000000000101111011010101000000000000000010001111
1111000000000111111111110111100000000000001110001111
1111000000000101111011100101000000000000000110001111
1101000000000101111011100101000000000000000010001111
0100000000000100000010000000000000000000000010000011
1111000000000101111011110101100000000000001110001111
1111000000000111111111110101100000000000001110001111
1111000000000101111011100101000000000000000010001111
1111111000000111111111110111100000110010101110001111
1101000000000101100011010001000000000000000010001111
1111100000000111111111110111100000110000001110001111
1111000000000101111011110101100000000000001110001111
1101000000000101100011000001000000000000000010001111
1111000000000111111111110101100000000000001110001111
1111000000000111111111110101100000000000001110001111
1101000000000101000010000001000000000000000010001011
1101000000000101100011010001000000000000000010001111
1111000000000101111011101101000000000000000110001111
1101000000000101111011010101000000000000000010001111
1111000000000101111011110101100000000000001110001111
1101000000000111111111110101100000000000001010001111
1101000000000101111011010101000000000000000010001111
1101000000000101111011010101000000000000000010001111
1111000000000111111111110101100000000000001110001111
1101000000000101100011010001000000000000000010001111
1100000000000100000010000001000000000000000010000011
0101000000000101000010000000000000000000000010001011
1101000000000101111011010101000000000000000010001111
1111011000000101111011111101100000000010101110001111
0000000000000000000000000000000000000000000000000000
1111000000000111111111110101100000000000001010001111
1111000000000101111011110101100000000000001110001111
1111000000000111111111110101100000000000001110001111
1101000000000101111011010101000000000000000010001111
1111000000000111111111110101100000000000001110001111
0100000000000100000010000000000000000000000010000011
1111111111111111111111110111111111111111111110111111
1111000000000101111011110101100000000000001110001111
1111000000000101111011110101100000000000001010001111
1101000000000111111111110101100000000000001010001111
1101000000000101111011010101100000000000001010001111
1101000000000101101011010001000000000000000010001111
1100000000000100000010000001000000000000000010000011
0000000000000000000000000000000000000000000000000000
1101000000000101111011010101000000000000000010001111
1111000000000101111011110101100000000000001110001111
1111101100100111111111110111100000110000101110001111
1111000000000111111111110111100000000000001010001111
1111100000000111111111111111111000101100001110001111
1111000000000101111011100101000000000000000110001111
1101000000000101111011010101000000000000000010001111
0000000000000000000000000000000000000000000000000000
1111000000000111111111110101100000000000001110001111
1111010101000101111011110101100100000011001110001111
1100000000000100000010000001000000000000000010000011
1100000000000100000010000001000000000000000010000011
1101000000000101100011000001000000000000000010001111
1111000000000111111111110101100000000000001110001111
1101000000000101101011010001000000000000000010001111
1100000000000100000010000001000000000000000010000011
1111001000000111111111111101100001000101101110001111
1100000000000100000010000001000000000000000010000011
1111000000000111111111110101100000000000001110001111
1111000000000101111011110101100000000000001110001111
1101000000000101110011010101000000000000000010001111
1111000000000101111011110101100000000000001110001111
1111000000000101111011100101000000000000000110001111
1111000000000111111111110101100000000000001110001111
1101000000000101000010000001000000000000000010001011
1111000000000111111111110101100000000000001110001111
1101000000000101110011010101000000000000000010001111
1111000000000101111011110101100000000000001110001111
0100000000000100000010000000000000000000000010000011
1111100000000111111111111111100000100000001110001111
1101000000000101100011000001000000000000000010001111
1111000000000101111011110101100000000000001110001111
1101000000000101100011000001000000000000000010001111
1101000000000101110011010101000000000000000010001111
1111111111100111111111110111101100110111101110101111
0000000000000000000000000000000000000000000000000000
1111010101000111111111110101100000000010001110001111
1101000000000111111111110101100000000000001010001111
1111000000000111111111110101100000000000001010001111
1111000000000101111011110101100000000000001110001111
1111000000000101111011100101000000000000000110001111
1101000000000101111011010101000000000000000010001111
1111101000000111111111111111100001101101101110001111
1111000000000111111111110101100000000000001110001111
1111000000000111111111110101100000000000001010001111
1111000000000111111111110101100000000000001110001111
1111000000000101111011110101100000000000001110001111
1111100000000111111111110111100000110000001110001111
0100000000000100000010000000000000000000000010000011
1111000000000101111011101101000100000001000110001111
1111000000000111111111110101100000000000001110001111
1101000000000101111011110101100000000000001010001111
1111000000000111111111110101100000000000001110001111
1111000000000101111011100101000000000000000110001111
1111000000000111111111110101100000000000001110001111
1101000000000101100011000001000000000000000010001111
1111011101100111111111111101100101000111101110001111
1101000000000101001010000001000000000000000010001011
1111010000000111111111111101100000000010001110001111
1111010100000111111111111101100100000011001110001111
1111111111100111111111111111111111110111101110001111
1111000000000111111111110101100000000000001010001111
1111000000000101111011100101000000000000000110001111
