#8-557,102,1.3924876504090022E-5_4-0, 63
5
1
13
0
1
0
4
0 2 0
0 3 0
1 2 0
1 4 0

#8-344,85,0.0_4-1, 66
5
1
1
2
1
2
4
0 1 0
0 2 0
1 3 0
2 4 0

#10-335,93,0.0_9-0, 45
10
1
1
1
1
1
1
1
3
3
3
9
0 1 0
0 7 0
0 8 0
0 9 0
1 2 0
2 3 0
3 4 0
4 5 0
5 6 0

#9-328,99,0.0_4-2, 79
5
1
1
2
1
0
4
0 1 0
0 2 0
1 3 0
2 4 0

#9-311,125,0.0_5-1, 86
6
1
1
1
2
1
2
5
0 1 0
0 2 0
1 3 0
2 4 0
3 5 0

#10-288,145,0.0_5-4, 90
6
1
2
1
1
0
0
5
0 1 0
0 2 0
0 3 0
1 4 0
1 5 0

#10-288,145,0.0_8-0, 90
8
1
1
1
1
1
1
2
0
8
0 1 0
0 2 0
0 6 0
1 3 0
2 4 0
3 5 0
4 5 0
6 7 0

#8-281,157,0.0_6-0, 95
7
1
1
1
1
2
1
2
6
0 1 0
0 2 0
1 3 0
2 4 0
3 5 0
4 6 0

#8-98,1635,0.0_7-0, 536
7
1
1
1
1
1
1
4
7
0 1 0
0 2 0
0 6 0
1 3 0
2 4 0
3 5 0
4 5 0

#9-125,24,3.0930422197387276E-63_4-0, 23
5
5
1
2
0
0
4
0 1 0
0 2 0
0 3 0
0 4 0

#8-29,1954,0.0_4-0, 1073
5
1
1
2
1
1
4
0 1 0
0 2 0
1 3 0
2 4 0

#6-41,114,3.398301554569105E-5_7-0, 102
7
1
1
1
1
1
1
3
7
0 1 0
0 2 0
0 6 0
1 3 0
2 4 0
3 5 0
4 5 0

#10-33,37,1.793929919004161E-7_4-0, 14
5
11
3
3
3
3
4
0 1 0
0 2 0
0 3 0
0 4 0

#9-28,32,2.2887852813925813E-9_4-3, 24
5
1
1
1
2
3
4
0 1 0
0 2 0
0 4 0
1 3 0

#9-28,32,2.2887852813925813E-9_4-8, 24
5
1
1
2
1
3
4
0 1 0
0 2 0
1 4 0
2 3 0

#9-28,32,2.2887852813925813E-9_5-5, 24
6
1
1
1
1
2
3
5
0 1 0
0 2 0
1 3 0
2 4 0
3 5 0

#9-12,46,6.558328666424141E-47_6-0, 18
7
1
5
3
3
3
0
0
6
0 1 0
0 2 0
0 3 0
0 4 0
1 5 0
1 6 0

#10-11,210,0.0_6-3, 74
7
1
1
1
1
1
1
3
6
0 1 0
0 2 0
1 3 0
2 4 0
3 5 0
4 6 0

#10-11,210,0.0_7-0, 76
8
1
1
1
1
1
3
3
3
7
0 1 0
0 5 0
0 6 0
0 7 0
1 2 0
2 3 0
3 4 0

#6-459,20,3.871287214495392E-7_3-0, 5
4
15
0
0
0
3
0 1 0
0 2 0
0 3 0

#9-224,64,0.0_9-0, 58
9
1
2
1
1
1
1
1
0
0
9
0 1 0
0 2 0
0 3 0
1 7 0
1 8 0
2 4 0
3 5 0
4 6 0
5 6 0

#6-223,81,0.0_3-0, 41
4
7
1
0
0
3
0 1 0
0 2 0
0 3 0

#9-221,96,0.0_4-2, 69
5
1
2
1
1
0
4
0 1 0
0 2 0
0 3 0
1 4 0

#9-221,96,0.0_6-0, 70
7
1
1
1
1
2
1
0
6
0 1 0
0 2 0
1 3 0
2 4 0
3 5 0
4 6 0

#9-218,113,0.0_5-0, 77
6
2
1
1
1
0
0
5
0 1 0
0 4 0
0 5 0
1 2 0
2 3 0

#10-213,124,0.0_10-0, 82
10
5
1
1
1
1
1
1
0
0
0
10
0 1 0
0 7 0
0 8 0
0 9 0
1 2 0
1 3 0
2 4 0
3 5 0
4 6 0
5 6 0

#9-204,134,0.0_3-0, 59
4
13
0
0
0
3
0 1 0
0 2 0
0 3 0

#9-203,136,0.0_9-0, 112
9
1
5
1
1
1
1
1
0
0
9
0 1 0
0 2 0
0 3 0
1 7 0
1 8 0
2 4 0
3 5 0
4 6 0
5 6 0

#10-192,155,0.0_4-0, 108
5
5
1
1
0
0
4
0 1 0
0 3 0
0 4 0
1 2 0

#10-192,155,0.0_4-1, 127
5
5
1
0
0
0
4
0 1 0
0 2 0
0 3 0
0 4 0

#7-167,196,0.0_4-0, 107
5
13
0
1
0
0
4
0 1 0
0 3 0
0 4 0
1 2 0

#7-167,196,0.0_4-1, 106
5
13
0
0
1
1
4
0 1 0
0 2 0
1 3 0
2 4 0

#8-157,261,0.0_8-0, 139
9
5
1
1
1
1
1
2
0
0
8
0 1 0
0 6 0
0 7 0
0 8 0
1 2 0
2 3 0
3 4 0
4 5 0

#8-125,452,0.0_3-0, 334
4
1
2
1
0
3
0 1 0
0 3 0
1 2 0

#9-64,1678,0.0_5-2, 1053
6
1
1
1
1
1
0
5
0 1 0
0 3 0
0 5 0
1 2 0
2 4 0

#9-64,1678,0.0_6-0, 1156
7
1
1
1
1
1
1
0
6
0 1 0
0 2 0
1 3 0
2 4 0
3 5 0
4 6 0

#9-63,1686,0.0_3-0, 965
4
1
1
0
0
3
0 1 0
0 2 0
0 3 0

#9-33,3779,0.0_4-0, 2063
5
1
1
1
1
0
4
0 1 0
0 2 0
1 3 0
2 4 0

#9-2,23,7.326247002562698E-10_8-0, 21
9
7
1
0
0
0
1
1
1
1
8
0 1 0
0 2 0
0 3 0
0 4 0
1 5 0
2 6 0
3 7 0
4 8 0

#7-288,179,2.6048010628443308E-6_6-2, 128
7
1
5
1
1
1
0
0
6
0 1 0
0 2 0
0 3 0
1 5 0
1 6 0
2 4 0

#7-288,179,2.6048010628443308E-6_8-0, 126
9
5
1
1
1
1
1
1
0
0
8
0 1 0
0 7 0
0 8 0
1 2 0
2 3 0
3 4 0
4 5 0
5 6 0

#9-184,5,6.607539148822985E-11_6-0, 5
7
5
1
3
3
0
0
0
6
0 1 0
0 4 0
0 5 0
0 6 0
1 2 0
1 3 0

#8-136,68,1.3322676295501878E-15_3-0, 54
4
1
2
2
5
3
0 1 0
0 2 0
0 3 0

#8-136,68,1.3322676295501878E-15_3-1, 54
4
1
2
1
5
3
0 1 0
0 3 0
1 2 0

#8-70,81,0.0_9-0, 62
10
5
1
1
1
1
1
1
2
0
0
9
0 1 0
0 7 0
0 8 0
0 9 0
1 2 0
2 3 0
3 4 0
4 5 0
5 6 0

#8-70,81,0.0_9-1, 62
10
5
1
1
1
1
1
1
2
0
0
9
0 1 0
0 7 0
0 8 0
0 9 0
1 2 0
1 3 0
2 4 0
3 5 0
4 6 0

#8-70,81,0.0_9-2, 62
10
5
1
1
1
1
1
1
2
0
0
9
0 1 0
0 7 0
0 8 0
0 9 0
1 2 0
1 5 0
2 3 0
3 4 0
4 6 0

#8-42,154,0.0_3-3, 116
4
1
5
1
1
3
0 1 0
0 2 0
1 3 0

#8-42,154,0.0_4-1, 116
5
1
1
1
1
5
4
0 1 0
0 2 0
0 4 0
1 3 0

#8-54,6,3.627471334908671E-11_4-0, 3
5
16
1
4
4
4
4
0 1 0
0 2 0
0 3 0
0 4 0

#7-39,6,4.5051556659440396E-14_4-0, 4
5
27
2
2
4
4
4
0 1 0
0 2 0
0 3 0
0 4 0

#10-30,4,5.73928771877349E-17_9-0, 3
10
5
1
1
1
1
1
1
0
0
4
9
0 1 0
0 7 0
0 8 0
0 9 0
1 2 0
2 3 0
3 4 0
4 5 0
5 6 0

#9-24,11,7.063180267727155E-23_11-0, 6
11
1
1
1
2
2
2
0
0
0
4
4
11
0 3 0
0 4 0
0 6 0
1 3 0
1 5 0
1 7 0
2 4 0
2 5 0
2 8 0
3 9 0
4 10 0

#8-22,140,0.0_3-0, 85
4
1
1
0
4
3
0 1 0
0 2 0
1 3 0

#8-11,813,0.0_6-1, 448
7
1
1
1
1
1
1
4
6
0 1 0
0 2 0
0 6 0
1 3 0
2 4 0
3 5 0

#8-11,813,0.0_6-2, 457
7
1
1
1
1
1
1
4
6
0 1 0
0 4 0
0 6 0
1 2 0
2 3 0
3 5 0

#8-11,813,0.0_6-3, 480
7
1
1
1
1
1
1
4
6
0 1 0
0 2 0
1 3 0
2 4 0
3 5 0
4 6 0

#6-31,67,0.015548789515887729_7-0, 46
7
1
1
1
1
1
1
6
7
0 1 0
0 2 0
0 6 0
1 3 0
2 4 0
3 5 0
4 5 0

#8-14,160,4.64782461379043E-6_5-0, 82
6
1
1
1
1
1
6
5
0 1 0
0 2 0
1 3 0
2 4 0
3 5 0

#8-10,131,9.92532503130139E-7_3-0, 67
4
1
1
1
6
3
0 1 0
0 2 0
1 3 0

#7-8,52,6.432109285516852E-4_8-0, 27
8
1
1
1
1
1
1
9
9
8
0 2 0
0 3 0
0 6 0
1 2 0
1 4 0
1 7 0
3 5 0
4 5 0

#8-6,68,1.0311201408014226E-4_7-0, 36
7
1
1
1
1
1
1
9
7
0 1 0
0 2 0
0 6 0
1 3 0
2 4 0
3 5 0
4 5 0

#8-6,68,1.0311201408014226E-4_7-2, 33
8
1
1
1
1
1
1
1
9
7
0 1 0
0 2 0
1 3 0
2 4 0
3 5 0
4 6 0
5 7 0

#8-6,68,1.0311201408014226E-4_7-4, 33
8
1
1
1
1
1
1
1
9
7
0 1 0
0 2 0
0 7 0
1 3 0
2 5 0
3 4 0
4 6 0

#10-123,5,0.04523135699187537_6-0, 5
7
13
3
3
3
3
3
3
6
0 1 0
0 2 0
0 3 0
0 4 0
0 5 0
0 6 0

#8-32,6,2.6939186035795085E-4_12-0, 5
13
13
1
1
1
1
1
1
1
1
1
1
1
1
12
0 1 0
0 2 0
0 3 0
1 4 0
2 5 0
3 6 0
4 7 0
5 8 0
6 9 0
7 10 0
8 11 0
9 12 0

#7-11,13,4.340616864489784E-6_5-0, 11
6
13
0
5
1
1
0
5
0 1 0
0 2 0
0 5 0
1 3 0
2 4 0

#7-9,40,1.6008686945512274E-6_5-0, 34
6
13
0
0
1
1
5
5
0 1 0
0 2 0
0 5 0
1 3 0
2 4 0

#7-5,67,8.196048262298916E-8_5-0, 54
6
1
13
0
0
1
1
5
0 2 0
0 4 0
1 2 0
1 3 0
3 5 0

#7-5,67,8.196048262298916E-8_5-1, 53
6
13
1
0
1
0
0
5
0 2 0
0 4 0
0 5 0
1 2 0
1 3 0

#6-2,12,5.281827216098523E-9_3-2, 9
4
2
13
1
0
3
0 1 0
0 2 0
1 3 0

#6-2,12,5.281827216098523E-9_3-3, 9
4
1
2
1
13
3
0 1 0
0 2 0
1 3 0

#6-2,12,5.281827216098523E-9_5-0, 9
6
2
2
13
1
1
1
5
0 2 0
0 3 0
0 4 0
1 2 0
1 5 0

#8-0,9,9.826291436969E-4_11-0, 7
11
21
1
1
1
1
1
1
2
0
0
0
11
0 1 0
0 8 0
0 9 0
0 10 0
1 3 0
1 4 0
2 5 0
2 6 0
2 7 0
3 5 0
4 6 0

