92 6
0 0
0 0
0 0
0 0
0 0
0 0
0 0
0 0
0 0
0 0
0 0
0 0
0 0
0 0
0 0
0 0
0 0
0 0
0 0
0 0
0 0
0 0
0 0
0 0
0 0
0 0
0 0
0 0
0 0
0 0
0 0
0 0
0 0
0 0
0 0
0 0
0 0
0 0
0 0
0 0
0 0
0 0
0 0
0 0
0 0
0 0
0 0
0 0
0 0
0 0
0 0
0 0
0 0
0 0
0 0
0 0
0 0
0 0
0 0
0 0
0 0
0 0
0 0
0 0
0 0
0 0
0 0
0 0
0 0
0 0
0 0
0 0
0 0
0 0
0 0
0 0
0 0
0 0
0 0
0 0
0 0
0 0
0 0
0 0
0 0
0 0
0 0
0 0
0 0
0 0
0 0
0 0
0 0
70 5
60 5
59 5
52 5
55 5
58 5
46 5
63 4
33 5
51 5
41 5
52 5
82 4
42 5
52 5
45 5
37 5
38 5
39 5
37 5
33 5
25 5
23 3
24 5
23 3
39 5
0 0
0 0
0 0
0 0
0 0
0 0
0 0
0 0
0 0
0 0
0 0
0 0
0 0
0 0
0 0
0 0
0 0
0 0
0 0
0 0
0 0
0 0
0 0
0 0
0 0
0 0
0 0
0 0
0 0
0 0
0 0
0 0
0 0
0 0
0 0
0 0
0 0
0 0
0 0
0 0
0 0
0 0
0 0
0 0
0 0
0 0
0 0
0 0
1 0
7 2
7 1
7 0
5 0
0 0
7 3
4 3
7 0
7 4
6 4
5 0
2 2
5 3
2 0
4 4
2 1
6 3
0 0
1 0
0 0
2 0
3 0
1 1
2 0
3 1
2 2
2 3
8 5
1 0
3 2
6 4
2 0
3 2
1 2
0 0
3 2
0 0
7 4
1 2
0 0
0 0
3 2
2 1
3 2
2 2
2 1
2 0
1 0
2 0
6 0
1 3
1 3
1 0
1 3
4 0
2 0
7 0
4 3
1 0
2 0
0 0
1 0
3 2
3 0
0 0
4 1
0 0
2 0
2 3
2 1
1 0
2 0
0 0
3 1
0 0
1 0
2 0
3 3
1 0
1 0
0 3
4 2
3 2
3 1
3 0
3 2
1 0
3 0
3 0
1 0
0 0
1 0
0 3
2 3
0 1
1 0
3 0
1 0
3 4
1 0
3 0
2 0
2 3
0 0
2 0
4 4
0 0
1 2
0 0
1 0
3 3
1 0
4 1
2 1
0 0
2 0
2 0
1 0
0 0
0 0
1 0
4 0
0 0
1 0
1 0
2 0
3 1
3 0
2 0
1 2
0 0
3 0
3 0
0 0
0 0
1 1
3 1
1 0
5 0
1 0
0 0
4 0
3 0
5 1
4 2
5 0
1 3
0 0
0 0
1 0
1 0
0 0
0 0
1 0
2 0
0 0
0 1
2 0
0 0
1 0
2 0
2 0
4 0
1 0
1 0
0 0
0 0
1 0
3 1
1 0
0 0
4 1
0 0
0 0
1 0
0 0
0 0
2 0
0 1
3 0
0 0
0 0
1 0
0 0
0 3
1 3
1 0
0 1
2 0
0 3
0 0
2 0
1 3
1 0
0 0
1 0
3 0
0 0
0 0
1 0
0 0
0 0
0 0
0 0
1 0
2 0
0 0
1 0
0 0
0 0
0 0
0 0
2 0
1 1
2 0
0 0
3 0
1 0
0 0
1 0
0 0
0 0
0 0
0 0
1 1
0 0
3 0
0 0
0 0
0 0
0 2
1 0
3 0
1 0
1 0
1 0
0 0
3 0
0 0
0 0
2 0
1 0
0 0
0 0
2 0
0 0
1 3
0 0
1 0
1 0
0 0
0 0
0 0
1 0
0 0
2 0
0 0
0 1
0 0
0 0
0 0
0 0
0 0
5 0
0 0
0 0
2 0
0 2
0 0
4 0
0 0
0 0
1 0
1 0
0 0
0 0
0 0
0 0
4 0
0 0
1 0
5 0
0 0
0 0
0 2
1 0
3 0
1 0
3 0
0 0
0 0
4 0
3 0
0 0
0 2
0 2
0 0
0 0
1 0
0 0
0 0
0 0
0 0
2 0
0 1
0 0
1 0
0 1
0 0
3 0
6 0
1 0
3 0
0 0
0 0
0 0
3 0
1 0
0 0
1 0
1 0
0 0
0 0
0 0
3 0
3 0
0 0
0 0
0 0
3 0
6 0
3 3
0 0
0 0
0 0
2 3
0 3
0 0
0 0
0 0
1 2
1 0
1 1
3 0
0 0
0 0
0 0
0 0
0 0
0 0
0 0
0 0
0 0
1 0
0 0
0 0
0 0
0 0
0 0
0 0
0 0
0 0
0 0
1 3
0 0
0 0
1 0
1 0
0 0
0 0
0 0
0 0
1 0
0 0
0 0
0 0
0 0
0 0
0 0
0 0
0 0
0 0
2 0
1 0
0 0
0 0
1 0
1 4
1 0
0 0
0 0
0 0
1 0
28 3
34 4
23 3
34 4
37 5
18 5
23 4
35 5
11 2
33 4
21 5
19 5
22 5
17 4
25 5
18 5
22 4
22 5
22 5
11 2
17 5
13 3
20 2
17 5
19 5
14 3
6 5
18 5
12 3
13 5
18 5
18 5
100 6
74 5
73 5
91 5
0 0
0 0
0 0
0 0
0 0
0 0
0 0
0 0
0 0
0 0
0 0
0 0
0 0
0 0
0 0
0 0
0 0
0 0
0 0
0 0
0 0
0 0
0 0
0 0
0 0
0 0
0 0
0 0
0 0
0 0
0 0
0 0
0 0
0 0
0 0
0 0
0 0
0 0
0 0
0 0
0 0
0 0
0 0
0 0
0 0
0 0
0 0
0 0
0 0
0 0
0 0
0 0
0 0
0 0
0 0
0 0
0 0
0 0
0 0
0 0
0 0
0 0
0 0
0 0
0 0
0 0
0 0
0 0
0 0
0 0
0 0
0 0
0 0
0 0
0 0
0 0
0 0
0 0
0 0
0 0
0 0
0 0
0 0
0 0
0 0
0 0
0 0
0 0
0 0
0 0
0 0
0 0
0 0
0 0
0 0
0 0
0 0
0 0
0 0
0 0
0 0
0 0
0 0
0 0
0 0
0 0
0 0
0 0
0 0
0 0
0 0
0 0
0 0
0 0
0 0
0 0
0 0
0 0
0 0
0 0
0 0
0 0
0 0
0 0
0 0
0 0
0 0
0 0
0 0
0 0
0 0
0 0
0 0
0 0
0 0
0 0
0 0
0 0
0 0
0 0
0 0
0 0
0 0
0 0
0 0
0 0
0 0
0 0
0 0
0 0
0 0
0 0
0 0
0 0
0 0
0 0
0 0
0 0
0 0
0 0
0 0
0 0
0 0
0 0
0 0
0 0
0 0
0 0
0 0
0 0
0 0
0 0
0 0
0 0
0 0
0 0
0 0
0 0
0 0
0 0
0 0
0 0
0 0
0 0
0 0
0 0
0 0
0 0
0 0
0 0
0 0
0 0
0 0
0 0
0 0
0 0
0 0
0 0
0 0
0 0
0 0
0 0
0 0
0 0
0 0
0 0
0 0
0 0
0 0
0 0
0 0
0 0
0 0
0 0
0 0
0 0
0 0
0 0
0 0
0 0
0 0
0 0
0 0
0 0
0 0
0 0
0 0
0 0
0 0
0 0
0 0
0 0
0 0
0 0
0 0
0 0
0 0
0 0
0 0
0 0
0 0
0 0
0 0
0 0
0 0
0 0
0 0
0 0
0 0
0 0
0 0
0 0
0 0
