#8-412,77,2.257694031726487E-12_6-1, 27
7
7
1
0
0
1
1
1
6
0 1 0
0 2 0
0 3 0
1 4 0
2 5 0
3 6 0

#6-402,111,2.37698749572246E-13_3-0, 57
4
1
1
1
6
3
0 1 0
0 2 0
1 3 0

#9-275,73,0.0_5-3, 42
6
1
1
1
3
3
3
5
0 1 0
0 3 0
0 4 0
0 5 0
1 2 0

#9-275,73,0.0_6-0, 42
7
1
1
1
1
1
3
3
6
0 1 0
0 5 0
0 6 0
1 2 0
2 3 0
3 4 0

#8-262,84,0.0_4-0, 66
5
1
1
2
1
2
4
0 1 0
0 2 0
1 3 0
2 4 0

#8-233,114,0.0_4-0, 71
5
1
13
0
1
0
4
0 2 0
0 3 0
1 2 0
1 4 0

#8-228,119,0.0_5-1, 83
6
1
1
1
2
1
2
5
0 1 0
0 2 0
1 3 0
2 4 0
3 5 0

#8-227,120,0.0_4-4, 30
5
1
1
1
1
9
4
0 1 0
0 2 0
0 4 0
1 3 0

#10-222,124,0.0_9-0, 79
9
1
2
1
1
1
1
1
0
0
9
0 1 0
0 2 0
0 3 0
1 7 0
1 8 0
2 4 0
3 5 0
4 6 0
5 6 0

#8-212,133,0.0_6-1, 82
7
1
1
1
2
1
1
0
6
0 1 0
0 3 0
0 4 0
1 2 0
2 5 0
3 6 0

#8-212,133,0.0_7-1, 83
8
1
1
1
1
1
2
1
0
7
0 1 0
0 2 0
1 3 0
2 4 0
3 5 0
4 6 0
5 7 0

#8-157,221,0.0_4-0, 73
5
1
1
1
1
6
4
0 1 0
0 2 0
1 3 0
2 4 0

#7-155,223,0.0_6-1, 125
7
1
1
1
1
1
1
3
6
0 1 0
0 2 0
1 3 0
2 4 0
3 5 0
4 6 0

#6-70,1729,0.0_5-2, 511
6
1
1
1
1
1
4
5
0 1 0
0 3 0
0 5 0
1 2 0
2 4 0

#8-193,7,0.06966688968821179_3-0, 7
4
1
0
1
4
3
0 1 0
0 3 0
1 2 0

#8-184,8,0.05964631435630396_7-0, 6
7
1
1
1
2
2
2
4
7
0 3 0
0 4 0
0 6 0
1 3 0
1 5 0
2 4 0
2 5 0

#8-51,6,7.71396726025152E-9_3-0, 4
4
1
1
4
3
3
0 1 0
0 2 0
1 3 0

#9-38,7,1.200523951391031E-11_5-0, 4
6
1
1
4
3
3
3
5
0 1 0
0 3 0
0 4 0
0 5 0
1 2 0

#7-30,6,2.042345725235639E-13_4-0, 3
5
13
0
1
4
0
4
0 1 0
0 3 0
0 4 0
1 2 0

#9-17,8,5.6517439184434464E-18_11-0, 4
11
1
1
1
2
2
2
4
4
0
0
0
11
0 3 0
0 4 0
0 8 0
1 3 0
1 5 0
1 9 0
2 4 0
2 5 0
2 10 0
3 6 0
4 7 0

#8-13,626,0.0_6-1, 369
7
1
1
1
1
1
1
4
6
0 1 0
0 2 0
0 6 0
1 3 0
2 4 0
3 5 0

#8-13,626,0.0_6-2, 375
7
1
1
1
1
1
1
4
6
0 1 0
0 4 0
0 6 0
1 2 0
2 3 0
3 5 0

#8-13,626,0.0_6-3, 400
7
1
1
1
1
1
1
4
6
0 1 0
0 2 0
1 3 0
2 4 0
3 5 0
4 6 0

#7-11,637,0.0_3-0, 314
4
1
1
1
4
3
0 1 0
0 2 0
1 3 0

#8-531,21,4.776955874558878E-5_3-0, 18
4
1
2
0
2
3
0 1 0
0 2 0
1 3 0

#6-206,78,0.0_3-0, 37
4
7
1
0
0
3
0 1 0
0 2 0
0 3 0

#8-205,79,0.0_4-0, 50
5
13
0
1
0
0
4
0 1 0
0 3 0
0 4 0
1 2 0

#9-201,84,0.0_3-0, 41
4
13
0
0
0
3
0 1 0
0 2 0
0 3 0

#9-200,89,0.0_5-1, 68
6
2
1
1
1
0
0
5
0 1 0
0 4 0
0 5 0
1 2 0
2 3 0

#9-196,97,0.0_5-1, 63
6
13
1
0
1
0
0
5
0 2 0
0 4 0
0 5 0
1 2 0
1 3 0

#9-188,106,0.0_9-0, 89
9
1
5
1
1
1
1
1
0
0
9
0 1 0
0 2 0
0 3 0
1 7 0
1 8 0
2 4 0
3 5 0
4 6 0
5 6 0

#9-156,193,0.0_5-0, 104
6
5
1
1
0
0
0
5
0 1 0
0 3 0
0 4 0
0 5 0
1 2 0

#8-149,215,0.0_9-0, 118
10
5
1
1
1
1
1
1
0
0
2
9
0 1 0
0 7 0
0 8 0
0 9 0
1 2 0
2 3 0
3 4 0
4 5 0
5 6 0

#8-145,237,0.0_4-0, 146
5
2
1
1
0
0
4
0 1 0
0 3 0
0 4 0
1 2 0

#8-115,373,0.0_3-1, 277
4
1
2
1
0
3
0 1 0
0 3 0
1 2 0

#8-104,400,0.0_4-0, 223
5
5
1
1
0
0
4
0 1 0
0 3 0
0 4 0
1 2 0

#9-61,1335,0.0_4-3, 898
5
1
1
1
1
0
4
0 1 0
0 2 0
0 4 0
1 3 0

#9-61,1335,0.0_6-0, 986
7
1
1
1
1
1
1
0
6
0 1 0
0 2 0
1 3 0
2 4 0
3 5 0
4 6 0

#9-58,1405,0.0_3-0, 841
4
1
1
0
0
3
0 1 0
0 2 0
0 3 0

#9-36,3005,0.0_4-0, 1782
5
1
1
1
1
0
4
0 1 0
0 2 0
1 3 0
2 4 0

#9-594,15,0.07079872694543918_4-0, 13
5
2
2
1
1
0
4
0 1 0
0 2 0
0 3 0
1 4 0

#7-489,71,0.002274014653052936_3-0, 36
4
1
2
1
2
3
0 1 0
0 2 0
1 3 0

#9-216,15,5.558650697758862E-25_9-0, 12
10
5
1
1
1
2
1
1
1
0
0
9
0 1 0
0 4 0
0 8 0
0 9 0
1 2 0
1 3 0
2 5 0
3 6 0
4 7 0

#9-216,15,5.558650697758862E-25_10-0, 12
11
5
1
1
1
1
1
2
1
1
0
0
10
0 1 0
0 6 0
0 9 0
0 10 0
1 2 0
2 3 0
3 4 0
4 5 0
5 7 0
6 8 0

#9-115,29,1.7707287613238155E-74_4-0, 28
5
5
1
0
0
2
4
0 1 0
0 2 0
0 3 0
0 4 0

#7-14,2121,0.0_3-0, 1378
4
1
2
1
1
3
0 1 0
0 2 0
1 3 0

#7-14,2121,0.0_4-0, 1306
5
1
1
1
1
2
4
0 1 0
0 2 0
1 3 0
2 4 0

#10-55,38,8.992503192092568E-5_6-0, 10
7
13
3
3
3
3
3
3
6
0 1 0
0 2 0
0 3 0
0 4 0
0 5 0
0 6 0

#10-38,38,2.6019505626938338E-6_4-0, 14
5
11
3
3
3
3
4
0 1 0
0 2 0
0 3 0
0 4 0

#9-10,54,2.4270011148015346E-51_6-0, 22
7
1
5
0
0
3
3
3
6
0 1 0
0 4 0
0 5 0
0 6 0
1 2 0
1 3 0

#10-9,137,0.0_8-0, 58
9
1
1
1
1
1
1
3
3
3
8
0 1 0
0 6 0
0 7 0
0 8 0
1 2 0
2 3 0
3 4 0
4 5 0

#8-2,68,0.0027443651152712634_7-5, 32
8
1
1
1
1
1
1
1
9
7
0 1 0
0 2 0
1 3 0
2 4 0
3 5 0
4 6 0
5 7 0

#8-2,68,0.0027443651152712634_7-7, 31
8
1
1
1
1
1
1
1
9
7
0 1 0
0 2 0
0 7 0
1 3 0
2 5 0
3 4 0
4 6 0

#8-2,68,0.0027443651152712634_8-0, 27
8
1
1
1
1
1
1
9
9
8
0 2 0
0 3 0
0 6 0
1 2 0
1 4 0
1 7 0
3 5 0
4 5 0

#8-152,54,2.109485727765344E-11_3-0, 41
4
1
2
1
5
3
0 1 0
0 3 0
1 2 0

#8-152,54,2.109485727765344E-11_3-1, 43
4
1
2
2
5
3
0 1 0
0 2 0
0 3 0

#8-48,30,2.5206264381536124E-58_6-0, 26
7
13
1
0
0
1
1
5
6
0 2 0
0 3 0
0 6 0
1 2 0
1 4 0
3 5 0

#8-40,82,0.0_7-0, 60
8
5
1
1
1
1
0
0
2
7
0 1 0
0 5 0
0 6 0
0 7 0
1 2 0
2 3 0
3 4 0

#8-29,128,0.0_4-0, 104
5
1
1
1
1
5
4
0 1 0
0 2 0
1 3 0
2 4 0

#8-29,128,0.0_4-2, 100
5
1
1
5
1
1
4
0 1 0
0 2 0
1 3 0
2 4 0

#8-5,115,1.009132998830431E-7_3-0, 58
4
1
1
1
6
3
0 1 0
0 2 0
0 3 0

#8-5,115,1.009132998830431E-7_6-0, 59
7
1
1
1
1
1
1
6
6
0 1 0
0 2 0
1 3 0
2 4 0
3 5 0
4 6 0

#9-105,15,0.00563833507953817_4-0, 14
5
13
1
0
0
0
4
0 1 0
0 2 0
0 3 0
0 4 0

#7-28,11,2.881766312924952E-6_4-0, 9
5
13
5
1
0
0
4
0 1 0
0 3 0
0 4 0
1 2 0

#8-26,6,2.3716282495862723E-6_9-1, 5
10
13
1
1
1
1
1
1
1
1
1
9
0 1 0
0 2 0
0 3 0
1 4 0
2 5 0
3 6 0
4 7 0
5 8 0
6 9 0

#8-26,6,2.3716282495862723E-6_10-0, 5
11
13
1
1
1
1
1
1
1
1
1
1
10
0 1 0
0 2 0
0 3 0
1 4 0
2 5 0
3 8 0
4 6 0
5 7 0
6 9 0
7 10 0

#7-20,6,7.40354999568314E-7_5-1, 5
6
2
1
13
1
1
0
5
0 1 0
0 2 0
0 3 0
1 4 0
2 5 0

#7-20,6,7.40354999568314E-7_7-0, 5
8
13
1
1
0
2
1
1
0
7
0 3 0
0 4 0
0 7 0
1 3 0
1 5 0
2 4 0
2 6 0

#7-5,38,9.460292289639325E-10_5-0, 31
6
13
0
0
1
1
5
5
0 1 0
0 2 0
0 5 0
1 3 0
2 4 0

#7-5,38,9.460292289639325E-10_5-1, 29
6
13
1
0
1
0
5
5
0 2 0
0 4 0
0 5 0
1 2 0
1 3 0

#7-2,56,6.5503158452884236E-15_5-0, 44
6
1
13
0
0
1
1
5
0 2 0
0 4 0
1 2 0
1 3 0
3 5 0

#9-0,5,0.004454525187522933_10-0, 5
10
21
1
1
1
1
1
1
0
0
0
10
0 1 0
0 7 0
0 8 0
0 9 0
1 2 0
1 3 0
2 4 0
3 5 0
4 6 0
5 6 0

#9-4,17,5.549028755118764E-7_8-0, 13
9
7
1
0
0
0
1
1
1
1
8
0 1 0
0 2 0
0 3 0
0 4 0
1 5 0
2 6 0
3 7 0
4 8 0

