#9-151,4,0.003640588297552298_8-5, 3
9
c
c
c
c
c
c
o
c
n
8
0 1 0
0 2 0
1 3 0
2 4 0
3 5 0
4 6 0
5 8 0
6 7 0

#9-151,4,0.003640588297552298_9-1, 3
9
c
c
c
c
c
c
o
c
n
9
0 2 0
0 3 0
0 6 0
1 4 0
1 5 0
1 8 0
2 4 0
3 5 0
6 7 0

#8-52,4,3.3900384777634375E-9_11-0, 3
10
c
c
n
c
c
c
c
c
n
c
11
0 1 0
0 2 0
0 3 0
1 4 0
1 5 0
2 8 0
2 9 0
3 6 0
4 7 0
5 8 0
6 7 0

#9-0,9,1.1489163615121504E-10_10-0, 5
9
c
c
c
c
c
c
c
n
n
10
0 1 0
0 2 0
0 4 0
1 3 0
1 7 0
2 5 0
3 6 0
4 8 0
5 6 0
7 8 0

#9-0,9,1.1489163615121504E-10_10-1, 5
10
c
n
c
c
c
c
c
n
c
c
10
0 2 0
0 3 0
0 4 0
1 2 0
1 7 0
1 8 0
3 5 0
4 7 0
5 6 0
6 9 0

#9-0,9,1.1489163615121504E-10_10-2, 5
10
n
c
c
c
c
c
c
c
n
c
10
0 1 0
0 8 0
0 9 0
1 2 0
2 3 0
3 4 0
4 5 0
5 6 0
6 7 0
7 8 0

#8-5,11,2.11583588193584E-9_6-7, 9
7
c
c
c
c
c
c
o
6
0 1 0
0 4 0
0 6 0
1 2 0
2 3 0
3 5 0

#8-5,11,2.11583588193584E-9_9-1, 8
10
c
n
c
c
c
c
c
o
o
o
9
0 1 0
0 2 0
0 6 0
1 7 0
1 8 0
2 3 0
3 4 0
4 5 0
5 9 0

#7-1,96,6.716849298982197E-15_9-0, 54
9
c
n
c
c
c
c
c
o
o
9
0 1 0
0 2 0
0 3 0
1 7 0
1 8 0
2 4 0
3 5 0
4 6 0
5 6 0

